0.000000000000000000e+00 0.000000000000000000e+00
2.002002002002001985e-02 9.485227020475434756e+01
4.004004004004003969e-02 1.879297636318693492e+02
6.006006006006005954e-02 2.836221580400772382e+02
8.008008008008007939e-02 3.818706518995486476e+02
1.001001001001000923e-01 4.826169556163593484e+02
1.201201201201201191e-01 5.858033716444861057e+02
1.401401401401401459e-01 6.913728684393964841e+02
1.601601601601601588e-01 7.992691481932106399e+02
1.801801801801801717e-01 9.094367083518002346e+02
2.002002002002001846e-01 1.021820896969107139e+03
2.202202202202202252e-01 1.136367962003117782e+03
2.402402402402402382e-01 1.253025094701160469e+03
2.602602602602602788e-01 1.371740467259479828e+03
2.802802802802802917e-01 1.492463264973500145e+03
3.003003003003003046e-01 1.615143713120982738e+03
3.203203203203203175e-01 1.739733098840706361e+03
3.403403403403403304e-01 1.866183788284695538e+03
3.603603603603603434e-01 1.994449239332761181e+03
3.803803803803803563e-01 2.124484010164608208e+03
4.004004004004003692e-01 2.256243763987454713e+03
4.204204204204204376e-01 2.389685270216475601e+03
4.404404404404404505e-01 2.524766402401724463e+03
4.604604604604604634e-01 2.661446133189136617e+03
4.804804804804804763e-01 2.799684526594955969e+03
5.005005005005005447e-01 2.939442727863030086e+03
5.205205205205205576e-01 3.080682951163068083e+03
5.405405405405405705e-01 3.223368465375614960e+03
5.605605605605605835e-01 3.367463578196356593e+03
5.805805805805805964e-01 3.512933618778719847e+03
6.006006006006006093e-01 3.659744919119858423e+03
6.206206206206206222e-01 3.807864794381066986e+03
6.406406406406406351e-01 3.957261522319794494e+03
6.606606606606606480e-01 4.107904321996758881e+03
6.806806806806806609e-01 4.259763331908276996e+03
7.007007007007006738e-01 4.412809587681090306e+03
7.207207207207206867e-01 4.567014999454547251e+03
7.407407407407406996e-01 4.722352329063201978e+03
7.607607607607607125e-01 4.878795167121686063e+03
7.807807807807807254e-01 5.036317910103121903e+03
8.008008008008007383e-01 5.194895737492453918e+03
8.208208208208208623e-01 5.354504589086774104e+03
8.408408408408408752e-01 5.515121142506100114e+03
8.608608608608608881e-01 5.676722790970105962e+03
8.808808808808809010e-01 5.839287621388883963e+03
9.009009009009009139e-01 6.002794392809099008e+03
9.209209209209209268e-01 6.167222515250651668e+03
9.409409409409409397e-01 6.332552028963378689e+03
9.609609609609609526e-01 6.498763584128090770e+03
9.809809809809809655e-01 6.665838421021686372e+03
1.001001001001001089e+00 6.838755124065098244e+03
1.021021021021021102e+00 7.007493742395079607e+03
1.041041041041041115e+00 7.177042448700271962e+03
1.061061061061061128e+00 7.347384671586102741e+03
1.081081081081081141e+00 7.518504337204341937e+03
1.101101101101101154e+00 7.690385852438669644e+03
1.121121121121121167e+00 7.863014088596187321e+03
1.141141141141141180e+00 8.036374365601342106e+03
1.161161161161161193e+00 8.210452436687124646e+03
1.181181181181181206e+00 8.385234473577213066e+03
1.201201201201201219e+00 8.560707052151343305e+03
1.221221221221221231e+00 8.736857138585492066e+03
1.241241241241241244e+00 8.913672075957507332e+03
1.261261261261261257e+00 9.091139571308120139e+03
1.281281281281281270e+00 9.269247683146866621e+03
1.301301301301301283e+00 9.447984809391933595e+03
1.321321321321321296e+00 9.627339675732653632e+03
1.341341341341341309e+00 9.807301324403122635e+03
1.361361361361361322e+00 9.987859103355307525e+03
1.381381381381381335e+00 1.016900265581987696e+04
1.401401401401401348e+00 1.035072191024299173e+04
1.421421421421421361e+00 1.053300707058735316e+04
1.441441441441441373e+00 1.071584860698583725e+04
1.461461461461461386e+00 1.089923724673614015e+04
1.481481481481481399e+00 1.108316396562515183e+04
1.501501501501501412e+00 1.126761997957176209e+04
1.521521521521521425e+00 1.145259673657712665e+04
1.541541541541541438e+00 1.163808590897166505e+04
1.561561561561561451e+00 1.182407938594819461e+04
1.581581581581581464e+00 1.201056926637093602e+04
1.601601601601601477e+00 1.219754785185044420e+04
1.621621621621621712e+00 1.238500764007456382e+04
1.641641641641641725e+00 1.257294131838613066e+04
1.661661661661661737e+00 1.276134175759807295e+04
1.681681681681681750e+00 1.295020200603707963e+04
1.701701701701701763e+00 1.313951528380719355e+04
1.721721721721721776e+00 1.332927497726498041e+04
1.741741741741741789e+00 1.351947463369817524e+04
1.761761761761761802e+00 1.371010795620007593e+04
1.781781781781781815e+00 1.390116879873207108e+04
1.801801801801801828e+00 1.409265116136712459e+04
1.821821821821821841e+00 1.428454918570713380e+04
1.841841841841841854e+00 1.447685715046751830e+04
1.861861861861861867e+00 1.466956946722243629e+04
1.881881881881881879e+00 1.486268067630443329e+04
1.901901901901901892e+00 1.505618544285252028e+04
1.921921921921921905e+00 1.525007855300282245e+04
1.941941941941941918e+00 1.544435491021631060e+04
1.961961961961961931e+00 1.563900953173821654e+04
1.981981981981981944e+00 1.583403754518400456e+04
2.002002002002002179e+00 1.603386720501879427e+04
2.022022022022022192e+00 1.622961646728703090e+04
2.042042042042042205e+00 1.642572517773147774e+04
2.062062062062062218e+00 1.662218887467181776e+04
2.082082082082082231e+00 1.681900319138823761e+04
2.102102102102102243e+00 1.701616385337308020e+04
2.122122122122122256e+00 1.721366667567817785e+04
2.142142142142142269e+00 1.741150756035412633e+04
2.162162162162162282e+00 1.760968249397794352e+04
2.182182182182182295e+00 1.780818754526571865e+04
2.202202202202202308e+00 1.800701886276698860e+04
2.222222222222222321e+00 1.820617267263760732e+04
2.242242242242242334e+00 1.840564527648824878e+04
2.262262262262262347e+00 1.860543304930553131e+04
2.282282282282282360e+00 1.880553243744302017e+04
2.302302302302302373e+00 1.900593995667947092e+04
2.322322322322322385e+00 1.920665219034177062e+04
2.342342342342342398e+00 1.940766578749005203e+04
2.362362362362362411e+00 1.960897746116272901e+04
2.382382382382382424e+00 1.981058398667916845e+04
2.402402402402402437e+00 2.001248219999775392e+04
2.422422422422422450e+00 2.021466899612746784e+04
2.442442442442442463e+00 2.041714132759072163e+04
2.462462462462462476e+00 2.061989620293581902e+04
2.482482482482482489e+00 2.082293068529698576e+04
2.502502502502502502e+00 2.102624189100035073e+04
2.522522522522522515e+00 2.122982698821413214e+04
2.542542542542542527e+00 2.143368319564140256e+04
2.562562562562562540e+00 2.163780778125395227e+04
2.582582582582582553e+00 2.184219806106562464e+04
2.602602602602602566e+00 2.204685139794385032e+04
2.622622622622622579e+00 2.225176520045787402e+04
2.642642642642642592e+00 2.245693692176242621e+04
2.662662662662662605e+00 2.266236405851555537e+04
2.682682682682682618e+00 2.286804414982940580e+04
2.702702702702702631e+00 2.307397477625272586e+04
2.722722722722722644e+00 2.328015355878410264e+04
2.742742742742742657e+00 2.348657815791464600e+04
2.762762762762762669e+00 2.369324627269935445e+04
2.782782782782782682e+00 2.390015563985587869e+04
2.802802802802802695e+00 2.410730403288995149e+04
2.822822822822822708e+00 2.431468926124641075e+04
2.842842842842842721e+00 2.452230916948507729e+04
2.862862862862862734e+00 2.473016163648045040e+04
2.882882882882882747e+00 2.493824457464459556e+04
2.902902902902902760e+00 2.514655592917232207e+04
2.922922922922922773e+00 2.535509367730789381e+04
2.942942942942942786e+00 2.556385582763260390e+04
2.962962962962962798e+00 2.577284041937250731e+04
2.982982982982982811e+00 2.598204552172552212e+04
3.003003003003002824e+00 2.619539563719984289e+04
3.023023023023022837e+00 2.640502731060770748e+04
3.043043043043042850e+00 2.661487392461329728e+04
3.063063063063062863e+00 2.682493366166905253e+04
3.083083083083082876e+00 2.703520473110175590e+04
3.103103103103102889e+00 2.724568536854395279e+04
3.123123123123122902e+00 2.745637383538077484e+04
3.143143143143142915e+00 2.766726841821167545e+04
3.163163163163162928e+00 2.787836742832655727e+04
3.183183183183182940e+00 2.808966920119584393e+04
3.203203203203202953e+00 2.830117209597409237e+04
3.223223223223223410e+00 2.851287449501664014e+04
3.243243243243243423e+00 2.872477480340900001e+04
3.263263263263263436e+00 2.893687144850842742e+04
3.283283283283283449e+00 2.914916287949744947e+04
3.303303303303303462e+00 2.936164756694888638e+04
3.323323323323323475e+00 2.957432400240201241e+04
3.343343343343343488e+00 2.978719069794960160e+04
3.363363363363363501e+00 3.000024618583537449e+04
3.383383383383383514e+00 3.021348901806167851e+04
3.403403403403403527e+00 3.042691776600698722e+04
3.423423423423423539e+00 3.064053102005297842e+04
3.443443443443443552e+00 3.085432738922087447e+04
3.463463463463463565e+00 3.106830550081678666e+04
3.483483483483483578e+00 3.128246400008576893e+04
3.503503503503503591e+00 3.149680154987436617e+04
3.523523523523523604e+00 3.171131683030133718e+04
3.543543543543543617e+00 3.192600853843638833e+04
3.563563563563563630e+00 3.214087538798661262e+04
3.583583583583583643e+00 3.235591610899052102e+04
3.603603603603603656e+00 3.257112944751926625e+04
3.623623623623623669e+00 3.278651416538502963e+04
3.643643643643643681e+00 3.300206903985625831e+04
3.663663663663663694e+00 3.321779286337961094e+04
3.683683683683683707e+00 3.343368444330836064e+04
3.703703703703703720e+00 3.364974260163716826e+04
3.723723723723723733e+00 3.386596617474291997e+04
3.743743743743743746e+00 3.408235401313161856e+04
3.763763763763763759e+00 3.429890498119095719e+04
3.783783783783783772e+00 3.451561795694861939e+04
3.803803803803803785e+00 3.473249183183597779e+04
3.823823823823823798e+00 3.494952551045722066e+04
3.843843843843843811e+00 3.516671791036359355e+04
3.863863863863863823e+00 3.538406796183263941e+04
3.883883883883883836e+00 3.560157460765243741e+04
3.903903903903903849e+00 3.581923680291054188e+04
3.923923923923923862e+00 3.603705351478759258e+04
3.943943943943943875e+00 3.625502372235541407e+04
3.963963963963963888e+00 3.647314641637956811e+04
3.983983983983983901e+00 3.669142059912607510e+04
4.004004004004004358e+00 3.691338629723921622e+04
4.024024024024024371e+00 3.713195383701064566e+04
4.044044044044044384e+00 3.735066997412377532e+04
4.064064064064064397e+00 3.756953375473876076e+04
4.084084084084084409e+00 3.778854423561231670e+04
4.104104104104104422e+00 3.800770048392799072e+04
4.124124124124124435e+00 3.822700157712991495e+04
4.144144144144144448e+00 3.844644660276004288e+04
4.164164164164164461e+00 3.866603465829873312e+04
4.184184184184184474e+00 3.888576485100867285e+04
4.204204204204204487e+00 3.910563629778198083e+04
4.224224224224224500e+00 3.932564812499043182e+04
4.244244244244244513e+00 3.954579946833870054e+04
4.264264264264264526e+00 3.976608947272064688e+04
4.284284284284284539e+00 3.998651729207842436e+04
4.304304304304304551e+00 4.020708208926446969e+04
4.324324324324324564e+00 4.042778303590622818e+04
4.344344344344344577e+00 4.064861931227354944e+04
4.364364364364364590e+00 4.086959010714873148e+04
4.384384384384384603e+00 4.109069461769909685e+04
4.404404404404404616e+00 4.131193204935210088e+04
4.424424424424424629e+00 4.153330161567284813e+04
4.444444444444444642e+00 4.175480253824400279e+04
4.464464464464464655e+00 4.197643404654802725e+04
4.484484484484484668e+00 4.219819537785161810e+04
4.504504504504504681e+00 4.242008577709250676e+04
4.524524524524524693e+00 4.264210449676821736e+04
4.544544544544544706e+00 4.286425079682711657e+04
4.564564564564564719e+00 4.308652394456144248e+04
4.584584584584584732e+00 4.330892321450231248e+04
4.604604604604604745e+00 4.353144788831677579e+04
4.624624624624624758e+00 4.375409725470674312e+04
4.644644644644644771e+00 4.397687060930976440e+04
4.664664664664664784e+00 4.419976725460172020e+04
4.684684684684684797e+00 4.442278649980123009e+04
4.704704704704704810e+00 4.464592766077582201e+04
4.724724724724724823e+00 4.486919005994988402e+04
4.744744744744744835e+00 4.509257302621418785e+04
4.764764764764764848e+00 4.531607589483710763e+04
4.784784784784784861e+00 4.553969800737743208e+04
4.804804804804804874e+00 4.576343871159872651e+04
4.824824824824824887e+00 4.598729736138525186e+04
4.844844844844844900e+00 4.621127331665929523e+04
4.864864864864864913e+00 4.643536594330013759e+04
4.884884884884884926e+00 4.665957461306418554e+04
4.904904904904904939e+00 4.688389870350679848e+04
4.924924924924924952e+00 4.710833759790524346e+04
4.944944944944944965e+00 4.733289068518315617e+04
4.964964964964964977e+00 4.755755735983621707e+04
4.984984984984984990e+00 4.778233702185909351e+04
5.005005005005005003e+00 4.801047353999566985e+04
5.025025025025025016e+00 4.823547218451001390e+04
5.045045045045045029e+00 4.846058207264094381e+04
5.065065065065065042e+00 4.868580262550330372e+04
5.085085085085085055e+00 4.891113326936567319e+04
5.105105105105105068e+00 4.913657343558451248e+04
5.125125125125125081e+00 4.936212256053931196e+04
5.145145145145145094e+00 4.958778008556896384e+04
5.165165165165165106e+00 4.981354545690911618e+04
5.185185185185185119e+00 5.003941812563052372e+04
5.205205205205205132e+00 5.026539754757851188e+04
5.225225225225225145e+00 5.049148318331336486e+04
5.245245245245245158e+00 5.071767449805173965e+04
5.265265265265265171e+00 5.094397096160895308e+04
5.285285285285285184e+00 5.117037204834230215e+04
5.305305305305305197e+00 5.139687723709528655e+04
5.325325325325325210e+00 5.162348601114263874e+04
5.345345345345345223e+00 5.185019785813635099e+04
5.365365365365365236e+00 5.207701227005247347e+04
5.385385385385385248e+00 5.230392874313883658e+04
5.405405405405405261e+00 5.253094677786358079e+04
5.425425425425425274e+00 5.275806587886444322e+04
5.445445445445445287e+00 5.298528555489888095e+04
5.465465465465465300e+00 5.321260531879505288e+04
5.485485485485485313e+00 5.344002468740339100e+04
5.505505505505505326e+00 5.366754318154916109e+04
5.525525525525525339e+00 5.389516032598548918e+04
5.545545545545545352e+00 5.412287564934736292e+04
5.565565565565565365e+00 5.435068868410617142e+04
5.585585585585585378e+00 5.457859896652501629e+04
5.605605605605605390e+00 5.480660603661467758e+04
5.625625625625625403e+00 5.503470943809029995e+04
5.645645645645645416e+00 5.526290871832866105e+04
5.665665665665665429e+00 5.549120342832613824e+04
5.685685685685685442e+00 5.571959312265730114e+04
5.705705705705705455e+00 5.594807735943408625e+04
5.725725725725725468e+00 5.617665570026561909e+04
5.745745745745745481e+00 5.640532771021866938e+04
5.765765765765765494e+00 5.663409295777859370e+04
5.785785785785785507e+00 5.686295101481096208e+04
5.805805805805805520e+00 5.709190145652364299e+04
5.825825825825825532e+00 5.732094386142955045e+04
5.845845845845845545e+00 5.755007781130983494e+04
5.865865865865865558e+00 5.777930289117774373e+04
5.885885885885885571e+00 5.800861868924284499e+04
5.905905905905905584e+00 5.823802479687587038e+04
5.925925925925925597e+00 5.846752080857408146e+04
5.945945945945945610e+00 5.869710632192705089e+04
5.965965965965965623e+00 5.892678093758297473e+04
5.985985985985985636e+00 5.915654425921547954e+04
6.006006006006005649e+00 5.938940537307214254e+04
6.026026026026025662e+00 5.961934073495340999e+04
6.046046046046045674e+00 5.984936364868599048e+04
6.066066066066065687e+00 6.007947372961234214e+04
6.086086086086085700e+00 6.030967059594217426e+04
6.106106106106105713e+00 6.053995386872196832e+04
6.126126126126125726e+00 6.077032317180487735e+04
6.146146146146145739e+00 6.100077813182105456e+04
6.166166166166165752e+00 6.123131837814846949e+04
6.186186186186185765e+00 6.146194354288397881e+04
6.206206206206205778e+00 6.169265326081489184e+04
6.226226226226225791e+00 6.192344716939095088e+04
6.246246246246245803e+00 6.215432490869660978e+04
6.266266266266265816e+00 6.238528612142377824e+04
6.286286286286285829e+00 6.261633045284483524e+04
6.306306306306305842e+00 6.284745755078608636e+04
6.326326326326325855e+00 6.307866706560154125e+04
6.346346346346345868e+00 6.330995865014710580e+04
6.366366366366365881e+00 6.354133195975498529e+04
6.386386386386385894e+00 6.377278665220858966e+04
6.406406406406405907e+00 6.400432238771764241e+04
6.426426426426426808e+00 6.423593882889371162e+04
6.446446446446446821e+00 6.446763564072594454e+04
6.466466466466466834e+00 6.469941249055738444e+04
6.486486486486486847e+00 6.493126904806116363e+04
6.506506506506506859e+00 6.516320498521744594e+04
6.526526526526526872e+00 6.539521997629042744e+04
6.546546546546546885e+00 6.562731369780571549e+04
6.566566566566566898e+00 6.585948582852790423e+04
6.586586586586586911e+00 6.609173604943859391e+04
6.606606606606606924e+00 6.632406404371456301e+04
6.626626626626626937e+00 6.655646949670634058e+04
6.646646646646646950e+00 6.678895209591682942e+04
6.666666666666666963e+00 6.702151153098058421e+04
6.686686686686686976e+00 6.725414749364288582e+04
6.706706706706706989e+00 6.748685967773951415e+04
6.726726726726727001e+00 6.771964777917641914e+04
6.746746746746747014e+00 6.795251149590994464e+04
6.766766766766767027e+00 6.818545052792711067e+04
6.786786786786787040e+00 6.841846457722611376e+04
6.806806806806807053e+00 6.865155334779736586e+04
6.826826826826827066e+00 6.888471654560432944e+04
6.846846846846847079e+00 6.911795387856494926e+04
6.866866866866867092e+00 6.935126505653320055e+04
6.886886886886887105e+00 6.958464979128072446e+04
6.906906906906907118e+00 6.981810779647894378e+04
6.926926926926927131e+00 7.005163878768122231e+04
6.946946946946947143e+00 7.028524248230524245e+04
6.966966966966967156e+00 7.051891859961571754e+04
6.986986986986987169e+00 7.075266686070717697e+04
7.007007007007007182e+00 7.098930510435615724e+04
7.027027027027027195e+00 7.122319336350500816e+04
7.047047047047047208e+00 7.145715295301808510e+04
7.067067067067067221e+00 7.169118360106887121e+04
7.087087087087087234e+00 7.192528503757863655e+04
7.107107107107107247e+00 7.215945699420037272e+04
7.127127127127127260e+00 7.239369920430303318e+04
7.147147147147147273e+00 7.262801140295602090e+04
7.167167167167167285e+00 7.286239332691377786e+04
7.187187187187187298e+00 7.309684471460050554e+04
7.207207207207207311e+00 7.333136530609517649e+04
7.227227227227227324e+00 7.356595484311670589e+04
7.247247247247247337e+00 7.380061306900925410e+04
7.267267267267267350e+00 7.403533972872764571e+04
7.287287287287287363e+00 7.427013456882315222e+04
7.307307307307307376e+00 7.450499733742918761e+04
7.327327327327327389e+00 7.473992778424739663e+04
7.347347347347347402e+00 7.497492566053372866e+04
7.367367367367367414e+00 7.520999071908483165e+04
7.387387387387387427e+00 7.544512271422443155e+04
7.407407407407407440e+00 7.568032140178998816e+04
7.427427427427427453e+00 7.591558653911948204e+04
7.447447447447447466e+00 7.615091788503833232e+04
7.467467467467467479e+00 7.638631519984644547e+04
7.487487487487487492e+00 7.662177824530548241e+04
7.507507507507507505e+00 7.685730678462619835e+04
7.527527527527527518e+00 7.709290058245594264e+04
7.547547547547547531e+00 7.732855940486623149e+04
7.567567567567567544e+00 7.756428301934072806e+04
7.587587587587587556e+00 7.780007119476294611e+04
7.607607607607607569e+00 7.803592370140444837e+04
7.627627627627627582e+00 7.827184031091301586e+04
7.647647647647647595e+00 7.850782079630090448e+04
7.667667667667667608e+00 7.874386493193331989e+04
7.687687687687687621e+00 7.897997249351700884e+04
7.707707707707707634e+00 7.921614325808902504e+04
7.727727727727727647e+00 7.945237700400533504e+04
7.747747747747747660e+00 7.968867351093009347e+04
7.767767767767767673e+00 7.992503255982440896e+04
7.787787787787787686e+00 8.016145393293564848e+04
7.807807807807807698e+00 8.039793741378685809e+04
7.827827827827827711e+00 8.063448278716595087e+04
7.847847847847847724e+00 8.087108983911541873e+04
7.867867867867867737e+00 8.110775835692194232e+04
7.887887887887887750e+00 8.134448812910607376e+04
7.907907907907907763e+00 8.158127894541221031e+04
7.927927927927927776e+00 8.181813059679848084e+04
7.947947947947947789e+00 8.205504287542687962e+04
7.967967967967967802e+00 8.229201557465347287e+04
7.987987987987987815e+00 8.252904848901861988e+04
8.008008008008008716e+00 8.276880007637881499e+04
8.028028028028028729e+00 8.300594989589032775e+04
8.048048048048048742e+00 8.324315933061110263e+04
8.068068068068068754e+00 8.348042817967392330e+04
8.088088088088088767e+00 8.371775624334911117e+04
8.108108108108108780e+00 8.395514332303559058e+04
8.128128128128128793e+00 8.419258922125188110e+04
8.148148148148148806e+00 8.443009374162703170e+04
8.168168168168168819e+00 8.466765668889187509e+04
8.188188188188188832e+00 8.490527786887031107e+04
8.208208208208208845e+00 8.514295708847054630e+04
8.228228228228228858e+00 8.538069415567678516e+04
8.248248248248248871e+00 8.561848887954030943e+04
8.268268268268268884e+00 8.585634107017148926e+04
8.288288288288288896e+00 8.609425053873140132e+04
8.308308308308308909e+00 8.633221709742341773e+04
8.328328328328328922e+00 8.657024055948536261e+04
8.348348348348348935e+00 8.680832073918113019e+04
8.368368368368368948e+00 8.704645745179304504e+04
8.388388388388388961e+00 8.728465051361368387e+04
8.408408408408408974e+00 8.752289974193830858e+04
8.428428428428428987e+00 8.776120495505702274e+04
8.448448448448449000e+00 8.799956597224694269e+04
8.468468468468469013e+00 8.823798261376496521e+04
8.488488488488489025e+00 8.847645470084009867e+04
8.508508508508509038e+00 8.871498205566588149e+04
8.528528528528529051e+00 8.895356450139329536e+04
8.548548548548549064e+00 8.919220186212328554e+04
8.568568568568569077e+00 8.943089396289977594e+04
8.588588588588589090e+00 8.966964062970214582e+04
8.608608608608609103e+00 8.990844168943860859e+04
8.628628628628629116e+00 9.014729696993892139e+04
8.648648648648649129e+00 9.038620629994745832e+04
8.668668668668669142e+00 9.062516950911657477e+04
8.688688688688689155e+00 9.086418642799953523e+04
8.708708708708709167e+00 9.110325688804396486e+04
8.728728728728729180e+00 9.134238072158514115e+04
8.748748748748749193e+00 9.158155776183932903e+04
8.768768768768769206e+00 9.182078784289736359e+04
8.788788788788789219e+00 9.206007079971799976e+04
8.808808808808809232e+00 9.229940646812175692e+04
8.828828828828829245e+00 9.253879468478428316e+04
8.848848848848849258e+00 9.277823528723033087e+04
8.868868868868869271e+00 9.301772811382725195e+04
8.888888888888889284e+00 9.325727300377913343e+04
8.908908908908909297e+00 9.349686979712045286e+04
8.928928928928929309e+00 9.373651833470998099e+04
8.948948948948949322e+00 9.397621845822519390e+04
8.968968968968969335e+00 9.421597001015581191e+04
8.988988988988989348e+00 9.445577283379819710e+04
9.009009009009009361e+00 9.469815004766236234e+04
9.029029029029029374e+00 9.493805245265149279e+04
9.049049049049049387e+00 9.517800567134447920e+04
9.069069069069069400e+00 9.541800955017095839e+04
9.089089089089089413e+00 9.565806393633903645e+04
9.109109109109109426e+00 9.589816867782924965e+04
9.129129129129129439e+00 9.613832362338938401e+04
9.149149149149149451e+00 9.637852862252896011e+04
9.169169169169169464e+00 9.661878352551368880e+04
9.189189189189189477e+00 9.685908818336027616e+04
9.209209209209209490e+00 9.709944244783099566e+04
9.229229229229229503e+00 9.733984617142843490e+04
9.249249249249249516e+00 9.758029920739034424e+04
9.269269269269269529e+00 9.782080140968448541e+04
9.289289289289289542e+00 9.806135263300337829e+04
9.309309309309309555e+00 9.830195273275935324e+04
9.329329329329329568e+00 9.854260156507950160e+04
9.349349349349349581e+00 9.878329898680065526e+04
9.369369369369369593e+00 9.902404485546440992e+04
9.389389389389389606e+00 9.926483902931241028e+04
9.409409409409409619e+00 9.950568136728128593e+04
9.429429429429429632e+00 9.974657172899802390e+04
9.449449449449449645e+00 9.998750997477509372e+04
9.469469469469469658e+00 1.002284959656057181e+05
9.489489489489489671e+00 1.004695295631593472e+05
9.509509509509509684e+00 1.007106106297767692e+05
9.529529529529529697e+00 1.009517390284658322e+05
9.549549549549549710e+00 1.011929146228966129e+05
9.569569569569569722e+00 1.014341372773970215e+05
9.589589589589589735e+00 1.016754068569483643e+05
9.609609609609609748e+00 1.019167232271808025e+05
9.629629629629629761e+00 1.021580862543691183e+05
9.649649649649649774e+00 1.023994958054281597e+05
9.669669669669669787e+00 1.026409517479086935e+05
9.689689689689689800e+00 1.028824539499930106e+05
9.709709709709709813e+00 1.031240022804907494e+05
9.729729729729729826e+00 1.033655966088347050e+05
9.749749749749749839e+00 1.036072368050764780e+05
9.769769769769769852e+00 1.038489227398826915e+05
9.789789789789789864e+00 1.040906542845305521e+05
9.809809809809809877e+00 1.043324313109039504e+05
9.829829829829829890e+00 1.045742536914893717e+05
9.849849849849849903e+00 1.048161212993720110e+05
9.869869869869869916e+00 1.050580340082317125e+05
9.889889889889889929e+00 1.052999916923389974e+05
9.909909909909909942e+00 1.055419942265513819e+05
9.929929929929929955e+00 1.057840414863093174e+05
9.949949949949949968e+00 1.060261333476323634e+05
9.969969969969969981e+00 1.062682696871155931e+05
9.989989989989989994e+00 1.065104503819256061e+05
1.001001001001001001e+01 1.067550818247609859e+05
1.003003003003003002e+01 1.069973486967335921e+05
1.005005005005005003e+01 1.072396595647310896e+05
1.007007007007007005e+01 1.074820143081440619e+05
1.009009009009009006e+01 1.077244128069164290e+05
1.011011011011011007e+01 1.079668549415421148e+05
1.013013013013013008e+01 1.082093405930612789e+05
1.015015015015015010e+01 1.084518696430568962e+05
1.017017017017017011e+01 1.086944419736513664e+05
1.019019019019019012e+01 1.089370574675028474e+05
1.021021021021021014e+01 1.091797160078019515e+05
1.023023023023023015e+01 1.094224174782683258e+05
1.025025025025025016e+01 1.096651617631473637e+05
1.027027027027027017e+01 1.099079487472066685e+05
1.029029029029029019e+01 1.101507783157328813e+05
1.031031031031031020e+01 1.103936503545284359e+05
1.033033033033033021e+01 1.106365647499080806e+05
1.035035035035035023e+01 1.108795213886958518e+05
1.037037037037037024e+01 1.111225201582217705e+05
1.039039039039039025e+01 1.113655609463187575e+05
1.041041041041041026e+01 1.116086436413192132e+05
1.043043043043043028e+01 1.118517681320521951e+05
1.045045045045045029e+01 1.120949343078402453e+05
1.047047047047047030e+01 1.123381420584960433e+05
1.049049049049049032e+01 1.125813912743197579e+05
1.051051051051051033e+01 1.128246818460956856e+05
1.053053053053053034e+01 1.130680136650893692e+05
1.055055055055055035e+01 1.133113866230447020e+05
1.057057057057057037e+01 1.135548006121807703e+05
1.059059059059059038e+01 1.137982555251891172e+05
1.061061061061061039e+01 1.140417512552306289e+05
1.063063063063063041e+01 1.142852876959329005e+05
1.065065065065065042e+01 1.145288647413871076e+05
1.067067067067067043e+01 1.147724822861452849e+05
1.069069069069069045e+01 1.150161402252175758e+05
1.071071071071071046e+01 1.152598384540692205e+05
1.073073073073073047e+01 1.155035768686181109e+05
1.075075075075075048e+01 1.157473553652317059e+05
1.077077077077077050e+01 1.159911738407244266e+05
1.079079079079079051e+01 1.162350321923550073e+05
1.081081081081081052e+01 1.164789303178237169e+05
1.083083083083083054e+01 1.167228681152697536e+05
1.085085085085085055e+01 1.169668454832685384e+05
1.087087087087087056e+01 1.172108623208291392e+05
1.089089089089089057e+01 1.174549185273916082e+05
1.091091091091091059e+01 1.176990140028244350e+05
1.093093093093093060e+01 1.179431486474220001e+05
1.095095095095095061e+01 1.181873223619019554e+05
1.097097097097097063e+01 1.184315350474027946e+05
1.099099099099099064e+01 1.186757866054812621e+05
1.101101101101101065e+01 1.189223814470703073e+05
1.103103103103103066e+01 1.191667085517835221e+05
1.105105105105105068e+01 1.194110742409207596e+05
1.107107107107107069e+01 1.196554784176681860e+05
1.109109109109109070e+01 1.198999209856179659e+05
1.111111111111111072e+01 1.201444018487660505e+05
1.113113113113113073e+01 1.203889209115098056e+05
1.115115115115115074e+01 1.206334780786454940e+05
1.117117117117117076e+01 1.208780732553661073e+05
1.119119119119119077e+01 1.211227063472589798e+05
1.121121121121121078e+01 1.213673772603035031e+05
1.123123123123123079e+01 1.216120859008687548e+05
1.125125125125125081e+01 1.218568321757112717e+05
1.127127127127127082e+01 1.221016159919728671e+05
1.129129129129129083e+01 1.223464372571783169e+05
1.131131131131131085e+01 1.225912958792332211e+05
1.133133133133133086e+01 1.228361917664215725e+05
1.135135135135135087e+01 1.230811248274039099e+05
1.137137137137137088e+01 1.233260949712148868e+05
1.139139139139139090e+01 1.235711021072611911e+05
1.141141141141141091e+01 1.238161461453194934e+05
1.143143143143143092e+01 1.240612269955341908e+05
1.145145145145145094e+01 1.243063445684153412e+05
1.147147147147147095e+01 1.245514987748366548e+05
1.149149149149149096e+01 1.247966895260333113e+05
1.151151151151151097e+01 1.250419167335999373e+05
1.153153153153153099e+01 1.252871803094885545e+05
1.155155155155155100e+01 1.255324801660066005e+05
1.157157157157157101e+01 1.257778162158148334e+05
1.159159159159159103e+01 1.260231883719254110e+05
1.161161161161161104e+01 1.262685965476998099e+05
1.163163163163163105e+01 1.265140406568469189e+05
1.165165165165165106e+01 1.267595206134211185e+05
1.167167167167167108e+01 1.270050363318202290e+05
1.169169169169169109e+01 1.272505877267836622e+05
1.171171171171171110e+01 1.274961747133905155e+05
1.173173173173173112e+01 1.277417972070575925e+05
1.175175175175175113e+01 1.279874551235375984e+05
1.177177177177177114e+01 1.282331483789172053e+05
1.179179179179179116e+01 1.284788768896152324e+05
1.181181181181181117e+01 1.287246405723808130e+05
1.183183183183183118e+01 1.289704393442915316e+05
1.185185185185185119e+01 1.292162731227515178e+05
1.187187187187187121e+01 1.294621418254898163e+05
1.189189189189189122e+01 1.297080453705585242e+05
1.191191191191191123e+01 1.299539836763308849e+05
1.193193193193193125e+01 1.301999566614996729e+05
1.195195195195195126e+01 1.304459642450754473e+05
1.197197197197197127e+01 1.306920063463846163e+05
1.199199199199199128e+01 1.309380828850679827e+05
1.201201201201201130e+01 1.311864081871736853e+05
1.203203203203203131e+01 1.314325516696395644e+05
1.205205205205205132e+01 1.316787293541230320e+05
1.207207207207207134e+01 1.319249411614903074e+05
1.209209209209209135e+01 1.321711870129133167e+05
1.211211211211211136e+01 1.324174668298682373e+05
1.213213213213213137e+01 1.326637805341337807e+05
1.215215215215215139e+01 1.329101280477895634e+05
1.217217217217217140e+01 1.331565092932144471e+05
1.219219219219219141e+01 1.334029241930850258e+05
1.221221221221221143e+01 1.336493726703738212e+05
1.223223223223223144e+01 1.338958546483479731e+05
1.225225225225225145e+01 1.341423700505673769e+05
1.227227227227227146e+01 1.343889188008833735e+05
1.229229229229229148e+01 1.346355008234369452e+05
1.231231231231231149e+01 1.348821160426573770e+05
1.233233233233233150e+01 1.351287643832605972e+05
1.235235235235235152e+01 1.353754457702476066e+05
1.237237237237237153e+01 1.356221601289031387e+05
1.239239239239239154e+01 1.358689073847939435e+05
1.241241241241241156e+01 1.361156874637675646e+05
1.243243243243243157e+01 1.363625002919504768e+05
1.245245245245245158e+01 1.366093457957470091e+05
1.247247247247247159e+01 1.368562239018375403e+05
1.249249249249249161e+01 1.371031345371773059e+05
1.251251251251251162e+01 1.373500776289947389e+05
1.253253253253253163e+01 1.375970531047902477e+05
1.255255255255255165e+01 1.378440608923345862e+05
1.257257257257257166e+01 1.380911009196676314e+05
1.259259259259259167e+01 1.383381731150966953e+05
1.261261261261261168e+01 1.385852774071955646e+05
1.263263263263263170e+01 1.388324137248026091e+05
1.265265265265265171e+01 1.390795819970198208e+05
1.267267267267267172e+01 1.393267821532112430e+05
1.269269269269269174e+01 1.395740141230014851e+05
1.271271271271271175e+01 1.398212778362747631e+05
1.273273273273273176e+01 1.400685732231731818e+05
1.275275275275275177e+01 1.403159002140955417e+05
1.277277277277277179e+01 1.405632587396960880e+05
1.279279279279279180e+01 1.408106487308830838e+05
1.281281281281281181e+01 1.410580701188175590e+05
1.283283283283283360e+01 1.413055228349119425e+05
1.285285285285285362e+01 1.415530068108288397e+05
1.287287287287287363e+01 1.418005219784798683e+05
1.289289289289289364e+01 1.420480682700240577e+05
1.291291291291291365e+01 1.422956456178669468e+05
1.293293293293293367e+01 1.425432539546590124e+05
1.295295295295295368e+01 1.427908932132948248e+05
1.297297297297297369e+01 1.430385633269112441e+05
1.299299299299299371e+01 1.432862642288867501e+05
1.301301301301301372e+01 1.435361299269408046e+05
1.303303303303303373e+01 1.437838906923155591e+05
1.305305305305305374e+01 1.440316820508296078e+05
1.307307307307307376e+01 1.442795039368034631e+05
1.309309309309309377e+01 1.445273562847929425e+05
1.311311311311311378e+01 1.447752390295881487e+05
1.313313313313313380e+01 1.450231521062121610e+05
1.315315315315315381e+01 1.452710954499200161e+05
1.317317317317317382e+01 1.455190689961973694e+05
1.319319319319319384e+01 1.457670726807594183e+05
1.321321321321321385e+01 1.460151064395498543e+05
1.323323323323323386e+01 1.462631702087395824e+05
1.325325325325325387e+01 1.465112639247256157e+05
1.327327327327327389e+01 1.467593875241299975e+05
1.329329329329329390e+01 1.470075409437986673e+05
1.331331331331331391e+01 1.472557241208003252e+05
1.333333333333333393e+01 1.475039369924254715e+05
1.335335335335335394e+01 1.477521794961850101e+05
1.337337337337337395e+01 1.480004515698094328e+05
1.339339339339339396e+01 1.482487531512476853e+05
1.341341341341341398e+01 1.484970841786659439e+05
1.343343343343343399e+01 1.487454445904468303e+05
1.345345345345345400e+01 1.489938343251879269e+05
1.347347347347347402e+01 1.492422533217011951e+05
1.349349349349349403e+01 1.494907015190116072e+05
1.351351351351351404e+01 1.497391788563562150e+05
1.353353353353353405e+01 1.499876852731831023e+05
1.355355355355355407e+01 1.502362207091503078e+05
1.357357357357357408e+01 1.504847851041249523e+05
1.359359359359359409e+01 1.507333783981820743e+05
1.361361361361361411e+01 1.509820005316036404e+05
1.363363363363363412e+01 1.512306514448776143e+05
1.365365365365365413e+01 1.514793310786968505e+05
1.367367367367367414e+01 1.517280393739582796e+05
1.369369369369369416e+01 1.519767762717617443e+05
1.371371371371371417e+01 1.522255417134090385e+05
1.373373373373373418e+01 1.524743356404031219e+05
1.375375375375375420e+01 1.527231579944469268e+05
1.377377377377377421e+01 1.529720087174425425e+05
1.379379379379379422e+01 1.532208877514902269e+05
1.381381381381381424e+01 1.534697950388872996e+05
1.383383383383383425e+01 1.537187305221275019e+05
1.385385385385385426e+01 1.539676941438999784e+05
1.387387387387387427e+01 1.542166858470879088e+05
1.389389389389389429e+01 1.544657055747683626e+05
1.391391391391391430e+01 1.547147532702106982e+05
1.393393393393393431e+01 1.549638288768760976e+05
1.395395395395395433e+01 1.552129323384162271e+05
1.397397397397397434e+01 1.554620635986728012e+05
1.399399399399399435e+01 1.557112226016764471e+05
1.401401401401401436e+01 1.559624711598591530e+05
1.403403403403403438e+01 1.562116841148481471e+05
1.405405405405405439e+01 1.564609246485062176e+05
1.407407407407407440e+01 1.567101927056018321e+05
1.409409409409409442e+01 1.569594882310880639e+05
1.411411411411411443e+01 1.572088111701018643e+05
1.413413413413413444e+01 1.574581614679628110e+05
1.415415415415415445e+01 1.577075390701726137e+05
1.417417417417417447e+01 1.579569439224139205e+05
1.419419419419419448e+01 1.582063759705500270e+05
1.421421421421421449e+01 1.584558351606233919e+05
1.423423423423423451e+01 1.587053214388551423e+05
1.425425425425425452e+01 1.589548347516442300e+05
1.427427427427427453e+01 1.592043750455667032e+05
1.429429429429429455e+01 1.594539422673744848e+05
1.431431431431431456e+01 1.597035363639951102e+05
1.433433433433433457e+01 1.599531572825305047e+05
1.435435435435435458e+01 1.602028049702561984e+05
1.437437437437437460e+01 1.604524793746208888e+05
1.439439439439439461e+01 1.607021804432451900e+05
1.441441441441441462e+01 1.609519081239211955e+05
1.443443443443443464e+01 1.612016623646114604e+05
1.445445445445445465e+01 1.614514431134483311e+05
1.447447447447447466e+01 1.617012503187331604e+05
1.449449449449449467e+01 1.619510839289354335e+05
1.451451451451451469e+01 1.622009438926922448e+05
1.453453453453453470e+01 1.624508301588071627e+05
1.455455455455455471e+01 1.627007426762499381e+05
1.457457457457457473e+01 1.629506813941553119e+05
1.459459459459459474e+01 1.632006462618224323e+05
1.461461461461461475e+01 1.634506372287143313e+05
1.463463463463463476e+01 1.637006542444567312e+05
1.465465465465465478e+01 1.639506972588376666e+05
1.467467467467467479e+01 1.642007662218068144e+05
1.469469469469469480e+01 1.644508610834742140e+05
1.471471471471471482e+01 1.647009817941101501e+05
1.473473473473473483e+01 1.649511283041443676e+05
1.475475475475475484e+01 1.652013005641648488e+05
1.477477477477477485e+01 1.654514985249176680e+05
1.479479479479479487e+01 1.657017221373059729e+05
1.481481481481481488e+01 1.659519713523895480e+05
1.483483483483483489e+01 1.662022461213835923e+05
1.485485485485485491e+01 1.664525463956586609e+05
1.487487487487487492e+01 1.667028721267396759e+05
1.489489489489489493e+01 1.669532232663051400e+05
1.491491491491491495e+01 1.672035997661865258e+05
1.493493493493493496e+01 1.674540015783677518e+05
1.495495495495495497e+01 1.677044286549844255e+05
1.497497497497497498e+01 1.679548809483228251e+05
1.499499499499499500e+01 1.682053584108199866e+05
1.501501501501501501e+01 1.684578575095298293e+05
1.503503503503503502e+01 1.687083839273921913e+05
1.505505505505505504e+01 1.689589353749247093e+05
1.507507507507507505e+01 1.692095118051516183e+05
1.509509509509509506e+01 1.694601131712443603e+05
1.511511511511511507e+01 1.697107394265207986e+05
1.513513513513513509e+01 1.699613905244445777e+05
1.515515515515515510e+01 1.702120664186242793e+05
1.517517517517517511e+01 1.704627670628132764e+05
1.519519519519519513e+01 1.707134924109085987e+05
1.521521521521521514e+01 1.709642424169506412e+05
1.523523523523523515e+01 1.712150170351223205e+05
1.525525525525525516e+01 1.714658162197486672e+05
1.527527527527527518e+01 1.717166399252959236e+05
1.529529529529529519e+01 1.719674881063713110e+05
1.531531531531531520e+01 1.722183607177220110e+05
1.533533533533533522e+01 1.724692577142349037e+05
1.535535535535535523e+01 1.727201790509357234e+05
1.537537537537537524e+01 1.729711246829885640e+05
1.539539539539539525e+01 1.732220945656953845e+05
1.541541541541541527e+01 1.734730886544951063e+05
1.543543543543543528e+01 1.737241069049634098e+05
1.545545545545545529e+01 1.739751492728117737e+05
1.547547547547547531e+01 1.742262157138872717e+05
1.549549549549549532e+01 1.744773061841715826e+05
1.551551551551551533e+01 1.747284206397808739e+05
1.553553553553553535e+01 1.749795590369647543e+05
1.555555555555555536e+01 1.752307213321060117e+05
1.557557557557557537e+01 1.754819074817200017e+05
1.559559559559559538e+01 1.757331174424540077e+05
1.561561561561561540e+01 1.759843511710867169e+05
1.563563563563563541e+01 1.762356086245276674e+05
1.565565565565565542e+01 1.764868897598166368e+05
1.567567567567567544e+01 1.767381945341232931e+05
1.569569569569569545e+01 1.769895229047462926e+05
1.571571571571571546e+01 1.772408748291130760e+05
1.573573573573573547e+01 1.774922502647791116e+05
1.575575575575575549e+01 1.777436491694274882e+05
1.577577577577577550e+01 1.779950715008681873e+05
1.579579579579579551e+01 1.782465172170378210e+05
1.581581581581581553e+01 1.784979862759989628e+05
1.583583583583583554e+01 1.787494786359394493e+05
1.585585585585585555e+01 1.790009942551722052e+05
1.587587587587587556e+01 1.792525330921344575e+05
1.589589589589589558e+01 1.795040951053871831e+05
1.591591591591591559e+01 1.797556802536148462e+05
1.593593593593593560e+01 1.800072884956247290e+05
1.595595595595595562e+01 1.802589197903464083e+05
1.597597597597597563e+01 1.805105740968311729e+05
1.599599599599599564e+01 1.807622513742517040e+05
1.601601601601601743e+01 1.810158885727548623e+05
1.603603603603603744e+01 1.812676105366240081e+05
1.605605605605605746e+01 1.815193553516533575e+05
1.607607607607607747e+01 1.817711229774900712e+05
1.609609609609609748e+01 1.820229133739001118e+05
1.611611611611611750e+01 1.822747265007676615e+05
1.613613613613613751e+01 1.825265623180948314e+05
1.615615615615615752e+01 1.827784207860012248e+05
1.617617617617617753e+01 1.830303018647230929e+05
1.619619619619619755e+01 1.832822055146132770e+05
1.621621621621621756e+01 1.835341316961403936e+05
1.623623623623623757e+01 1.837860803698886593e+05
1.625625625625625759e+01 1.840380514965572220e+05
1.627627627627627760e+01 1.842900450369596947e+05
1.629629629629629761e+01 1.845420609520238067e+05
1.631631631631631763e+01 1.847940992027907923e+05
1.633633633633633764e+01 1.850461597504149540e+05
1.635635635635635765e+01 1.852982425561634882e+05
1.637637637637637766e+01 1.855503475814154954e+05
1.639639639639639768e+01 1.858024747876620677e+05
1.641641641641641769e+01 1.860546241365053284e+05
1.643643643643643770e+01 1.863067955896584608e+05
1.645645645645645772e+01 1.865589891089449229e+05
1.647647647647647773e+01 1.868112046562982141e+05
1.649649649649649774e+01 1.870634421937612060e+05
1.651651651651651775e+01 1.873157016834859387e+05
1.653653653653653777e+01 1.875679830877329514e+05
1.655655655655655778e+01 1.878202863688710204e+05
1.657657657657657779e+01 1.880726114893768390e+05
1.659659659659659781e+01 1.883249584118341736e+05
1.661661661661661782e+01 1.885773270989336888e+05
1.663663663663663783e+01 1.888297175134727440e+05
1.665665665665665784e+01 1.890821296183544619e+05
1.667667667667667786e+01 1.893345633765876701e+05
1.669669669669669787e+01 1.895870187512864941e+05
1.671671671671671788e+01 1.898394957056696585e+05
1.673673673673673790e+01 1.900919942030603415e+05
1.675675675675675791e+01 1.903445142068856221e+05
1.677677677677677792e+01 1.905970556806761015e+05
1.679679679679679793e+01 1.908496185880654957e+05
1.681681681681681795e+01 1.911022028927902866e+05
1.683683683683683796e+01 1.913548085586891975e+05
1.685685685685685797e+01 1.916074355497027573e+05
1.687687687687687799e+01 1.918600838298731833e+05
1.689689689689689800e+01 1.921127533633436251e+05
1.691691691691691801e+01 1.923654441143580189e+05
1.693693693693693803e+01 1.926181560472605051e+05
1.695695695695695804e+01 1.928708891264952545e+05
1.697697697697697805e+01 1.931236433166058268e+05
1.699699699699699806e+01 1.933764185822349391e+05
1.701701701701701808e+01 1.936310973751832498e+05
1.703703703703703809e+01 1.938839136455656844e+05
1.705705705705705810e+01 1.941367508877069340e+05
1.707707707707707812e+01 1.943896090666375239e+05
1.709709709709709813e+01 1.946424881474853319e+05
1.711711711711711814e+01 1.948953880954750930e+05
1.713713713713713815e+01 1.951483088759277889e+05
1.715715715715715817e+01 1.954012504542607930e+05
1.717717717717717818e+01 1.956542127959869686e+05
1.719719719719719819e+01 1.959071958667146100e+05
1.721721721721721821e+01 1.961601996321470069e+05
1.723723723723723822e+01 1.964132240580819780e+05
1.725725725725725823e+01 1.966662691104116675e+05
1.727727727727727824e+01 1.969193347551219922e+05
1.729729729729729826e+01 1.971724209582924959e+05
1.731731731731731827e+01 1.974255276860958256e+05
1.733733733733733828e+01 1.976786549047973822e+05
1.735735735735735830e+01 1.979318025807550875e+05
1.737737737737737831e+01 1.981849706804188609e+05
1.739739739739739832e+01 1.984381591703305021e+05
1.741741741741741833e+01 1.986913680171229353e+05
1.743743743743743835e+01 1.989445971875204123e+05
1.745745745745745836e+01 1.991978466483376687e+05
1.747747747747747837e+01 1.994511163664797787e+05
1.749749749749749839e+01 1.997044063089419506e+05
1.751751751751751840e+01 1.999577164428088872e+05
1.753753753753753841e+01 2.002110467352546984e+05
1.755755755755755843e+01 2.004643971535424353e+05
1.757757757757757844e+01 2.007177676650237408e+05
1.759759759759759845e+01 2.009711582371385884e+05
1.761761761761761846e+01 2.012245688374149322e+05
1.763763763763763848e+01 2.014779994334683288e+05
1.765765765765765849e+01 2.017314499930016173e+05
1.767767767767767850e+01 2.019849204838045698e+05
1.769769769769769852e+01 2.022384108737536881e+05
1.771771771771771853e+01 2.024919211308117665e+05
1.773773773773773854e+01 2.027454512230275141e+05
1.775775775775775855e+01 2.029990011185353505e+05
1.777777777777777857e+01 2.032525707855550572e+05
1.779779779779779858e+01 2.035061601923914568e+05
1.781781781781781859e+01 2.037597693074339186e+05
1.783783783783783861e+01 2.040133980991563876e+05
1.785785785785785862e+01 2.042670465361167735e+05
1.787787787787787863e+01 2.045207145869568631e+05
1.789789789789789864e+01 2.047744022204016510e+05
1.791791791791791866e+01 2.050281094052595145e+05
1.793793793793793867e+01 2.052818361104215146e+05
1.795795795795795868e+01 2.055355823048612801e+05
1.797797797797797870e+01 2.057893479576346290e+05
1.799799799799799871e+01 2.060431330378792481e+05
1.801801801801801872e+01 2.062987698447979928e+05
1.803803803803803874e+01 2.065525927279430616e+05
1.805805805805805875e+01 2.068064349479656667e+05
1.807807807807807876e+01 2.070602964743241610e+05
1.809809809809809877e+01 2.073141772765573987e+05
1.811811811811811879e+01 2.075680773242842697e+05
1.813813813813813880e+01 2.078219965872035245e+05
1.815815815815815881e+01 2.080759350350934546e+05
1.817817817817817883e+01 2.083298926378116303e+05
1.819819819819819884e+01 2.085838693652943475e+05
1.821821821821821885e+01 2.088378651875568612e+05
1.823823823823823886e+01 2.090918800746925990e+05
1.825825825825825888e+01 2.093459139968731033e+05
1.827827827827827889e+01 2.095999669243478274e+05
1.829829829829829890e+01 2.098540388274434954e+05
1.831831831831831892e+01 2.101081296765642182e+05
1.833833833833833893e+01 2.103622394421911449e+05
1.835835835835835894e+01 2.106163680948819092e+05
1.837837837837837895e+01 2.108705156052705715e+05
1.839839839839839897e+01 2.111246819440673280e+05
1.841841841841841898e+01 2.113788670820582774e+05
1.843843843843843899e+01 2.116330709901049559e+05
1.845845845845845901e+01 2.118872936391442781e+05
1.847847847847847902e+01 2.121415350001881015e+05
1.849849849849849903e+01 2.123957950443230220e+05
1.851851851851851904e+01 2.126500737427102285e+05
1.853853853853853906e+01 2.129043710665848921e+05
1.855855855855855907e+01 2.131586869872564275e+05
1.857857857857857908e+01 2.134130214761075913e+05
1.859859859859859910e+01 2.136673745045947435e+05
1.861861861861861911e+01 2.139217460442473239e+05
1.863863863863863912e+01 2.141761360666676483e+05
1.865865865865865914e+01 2.144305445435306174e+05
1.867867867867867915e+01 2.146849714465835714e+05
1.869869869869869916e+01 2.149394167476460279e+05
1.871871871871871917e+01 2.151938804186090128e+05
1.873873873873873919e+01 2.154483624314354092e+05
1.875875875875875920e+01 2.157028627581594337e+05
1.877877877877877921e+01 2.159573813708862581e+05
1.879879879879879923e+01 2.162119182417918637e+05
1.881881881881881924e+01 2.164664733431229542e+05
1.883883883883883925e+01 2.167210466471964319e+05
1.885885885885885926e+01 2.169756381263992516e+05
1.887887887887887928e+01 2.172302477531881887e+05
1.889889889889889929e+01 2.174848755000898382e+05
1.891891891891891930e+01 2.177395213396995969e+05
1.893893893893893932e+01 2.179941852446825069e+05
1.895895895895895933e+01 2.182488671877721499e+05
1.897897897897897934e+01 2.185035671417706762e+05
1.899899899899899935e+01 2.187582850795486884e+05
1.901901901901901937e+01 2.190148069527780171e+05
1.903903903903903938e+01 2.192695598881156184e+05
1.905905905905905939e+01 2.195243307275765401e+05
1.907907907907907941e+01 2.197791194442991400e+05
1.909909909909909942e+01 2.200339260114890058e+05
1.911911911911911943e+01 2.202887504024184309e+05
1.913913913913913944e+01 2.205435925904266187e+05
1.915915915915915946e+01 2.207984525489191583e+05
1.917917917917917947e+01 2.210533302513679664e+05
1.919919919919919948e+01 2.213082256713107636e+05
1.921921921921921950e+01 2.215631387823512487e+05
1.923923923923923951e+01 2.218180695581586333e+05
1.925925925925925952e+01 2.220730179724672926e+05
1.927927927927927954e+01 2.223279839990769105e+05
1.929929929929929955e+01 2.225829676118518692e+05
1.931931931931931956e+01 2.228379687847213645e+05
1.933933933933933957e+01 2.230929874916787958e+05
1.935935935935935959e+01 2.233480237067819689e+05
1.937937937937937960e+01 2.236030774041525437e+05
1.939939939939939961e+01 2.238581485579759174e+05
1.941941941941941963e+01 2.241132371425010206e+05
1.943943943943943964e+01 2.243683431320402888e+05
1.945945945945945965e+01 2.246234665009689343e+05
1.947947947947947966e+01 2.248786072237252956e+05
1.949949949949949968e+01 2.251337652748102264e+05
1.951951951951951969e+01 2.253889406287872116e+05
1.953953953953953970e+01 2.256441332602817565e+05
1.955955955955955972e+01 2.258993431439815031e+05
1.957957957957957973e+01 2.261545702546359098e+05
1.959959959959959974e+01 2.264098145670559024e+05
1.961961961961961975e+01 2.266650760561139905e+05
1.963963963963963977e+01 2.269203546967436851e+05
1.965965965965965978e+01 2.271756504639396444e+05
1.967967967967967979e+01 2.274309633327570627e+05
1.969969969969969981e+01 2.276862932783118740e+05
1.971971971971971982e+01 2.279416402757803153e+05
1.973973973973973983e+01 2.281970043003986357e+05
1.975975975975975985e+01 2.284523853274632129e+05
1.977977977977977986e+01 2.287077833323300292e+05
1.979979979979979987e+01 2.289631982904147881e+05
1.981981981981981988e+01 2.292186301771922153e+05
1.983983983983983990e+01 2.294740789681964088e+05
1.985985985985985991e+01 2.297295446390203142e+05
1.987987987987987992e+01 2.299850271653156378e+05
1.989989989989989994e+01 2.302405265227925847e+05
1.991991991991991995e+01 2.304960426872197713e+05
1.993993993993993996e+01 2.307515756344238180e+05
1.995995995995995997e+01 2.310071253402894363e+05
1.997997997997997999e+01 2.312626917807589925e+05
2.000000000000000000e+01 2.315182749318325368e+05
