0.000000000000000000e+00 0.000000000000000000e+00
2.002002002002001985e-02 9.397349181903382487e+01
4.004004004004003969e-02 1.861886496452800088e+02
6.006006006006005954e-02 2.809944821641177555e+02
8.008008008008007939e-02 3.783327326245969857e+02
1.001001001001000923e-01 4.781456514687372419e+02
1.201201201201201191e-01 5.803760757013093325e+02
1.401401401401401459e-01 6.849675021582668251e+02
1.601601601601601588e-01 7.918641546143618370e+02
1.801801801801801717e-01 9.010110447303057981e+02
2.002002002002001846e-01 1.012354026894246431e+03
2.202202202202202252e-01 1.125839847061030241e+03
2.402402402402402382e-01 1.241416185735546833e+03
2.602602602602602788e-01 1.359031695283399358e+03
2.802802802802802917e-01 1.478636031783304588e+03
3.003003003003003046e-01 1.600179881661185618e+03
3.203203203203203175e-01 1.723614983366152728e+03
3.403403403403403304e-01 1.848894144363822761e+03
3.603603603603603434e-01 1.975971253733060848e+03
3.803803803803803563e-01 2.104801290658671860e+03
4.004004004004003692e-01 2.235340329115218537e+03
4.204204204204204376e-01 2.367545539036529135e+03
4.404404404404404505e-01 2.501375184261826234e+03
4.604604604604604634e-01 2.636788617543414148e+03
4.804804804804804763e-01 2.773746272892679372e+03
5.005005005005005447e-01 2.912209655531358294e+03
5.205205205205205576e-01 3.052141329703763404e+03
5.405405405405405705e-01 3.193504904593458377e+03
5.605605605605605835e-01 3.336265018574831629e+03
5.805805805805805964e-01 3.480387322016505095e+03
6.006006006006006093e-01 3.625838458839777559e+03
6.206206206206206222e-01 3.772586047021360173e+03
6.406406406406406351e-01 3.920598658215949854e+03
6.606606606606606480e-01 4.069845796660613360e+03
6.806806806806806609e-01 4.220297877509716272e+03
7.007007007007006738e-01 4.371926204736398176e+03
7.207207207207206867e-01 4.524702948724307134e+03
7.407407407407406996e-01 4.678601123661587735e+03
7.607607607607607125e-01 4.833594564838059341e+03
7.807807807807807254e-01 4.989657905935990129e+03
8.008008008008007383e-01 5.146766556395098632e+03
8.208208208208208623e-01 5.304896678923176296e+03
8.408408408408408752e-01 5.464025167215235342e+03
8.608608608608608881e-01 5.624129623936119060e+03
8.808808808808809010e-01 5.785188339014252961e+03
9.009009009009009139e-01 5.947180268287485887e+03
9.209209209209209268e-01 6.110085012535830174e+03
9.409409409409409397e-01 6.273882796930336553e+03
9.609609609609609526e-01 6.438554450922198157e+03
9.809809809809809655e-01 6.604081388591633186e+03
1.001001001001001089e+00 6.775396069239202006e+03
1.021021021021021102e+00 6.942571373899360879e+03
1.041041041041041115e+00 7.110549261307903180e+03
1.061061061061061128e+00 7.279313313599350295e+03
1.081081081081081141e+00 7.448847605844948703e+03
1.101101101101101154e+00 7.619136689394017594e+03
1.121121121121121167e+00 7.790165575716548119e+03
1.141141141141141180e+00 7.961919720743564540e+03
1.161161161161161193e+00 8.134385009700172304e+03
1.181181181181181206e+00 8.307547742424954777e+03
1.201201201201201219e+00 8.481394619168175268e+03
1.221221221221221231e+00 8.655912726860362454e+03
1.241241241241241244e+00 8.831089525842020521e+03
1.261261261261261257e+00 9.006912837044530534e+03
1.281281281281281270e+00 9.183370829611829322e+03
1.301301301301301283e+00 9.360452008951981043e+03
1.321321321321321296e+00 9.538145205207485560e+03
1.341341341341341309e+00 9.716439562132918581e+03
1.361361361361361322e+00 9.895324526368342049e+03
1.381381381381381335e+00 1.007478983709684144e+04
1.401401401401401348e+00 1.025482551607456480e+04
1.421421421421421361e+00 1.043542185802161839e+04
1.441441441441441373e+00 1.061656942136229191e+04
1.461461461461461386e+00 1.079825901930314467e+04
1.481481481481481399e+00 1.098048171123774409e+04
1.501501501501501412e+00 1.116322879446690604e+04
1.521521521521521425e+00 1.134649179622354495e+04
1.541541541541541438e+00 1.153026246599148726e+04
1.561561561561561451e+00 1.171453276810779244e+04
1.581581581581581464e+00 1.189929487463838268e+04
1.601601601601601477e+00 1.208454115851712595e+04
1.621621621621621712e+00 1.227026418693858068e+04
1.641641641641641725e+00 1.245645671499520176e+04
1.661661661661661737e+00 1.264311167954974007e+04
1.681681681681681750e+00 1.283022219333408793e+04
1.701701701701701763e+00 1.301778153926604136e+04
1.721721721721721776e+00 1.320578316497561536e+04
1.741741741741741789e+00 1.339422067753303236e+04
1.761761761761761802e+00 1.358308783837057672e+04
1.781781781781781815e+00 1.377237855839087933e+04
1.801801801801801828e+00 1.396208689325445994e+04
1.821821821821821841e+00 1.415220703883955503e+04
1.841841841841841854e+00 1.434273332686759932e+04
1.861861861861861867e+00 1.453366022068787606e+04
1.881881881881881879e+00 1.472498231121514436e+04
1.901901901901901892e+00 1.491669431301432996e+04
1.921921921921921905e+00 1.510879106052647330e+04
1.941941941941941918e+00 1.530126750443048513e+04
1.961961961961961931e+00 1.549411870813535097e+04
1.981981981981981944e+00 1.568733984439774213e+04
2.002002002002002179e+00 1.588531814120759191e+04
2.022022022022022192e+00 1.607925384413422398e+04
2.042042042042042205e+00 1.627354566505543880e+04
2.062062062062062218e+00 1.646818918362706609e+04
2.082082082082082231e+00 1.666318007358567047e+04
2.102102102102102243e+00 1.685851410002565535e+04
2.122122122122122256e+00 1.705418711677116153e+04
2.142142142142142269e+00 1.725019506383908083e+04
2.162162162162162282e+00 1.744653396498961592e+04
2.182182182182182295e+00 1.764319992536105201e+04
2.202202202202202308e+00 1.784018912918546994e+04
2.222222222222222321e+00 1.803749783758229023e+04
2.242242242242242334e+00 1.823512238642666853e+04
2.262262262262262347e+00 1.843305918428990844e+04
2.282282282282282360e+00 1.863130471044906153e+04
2.302302302302302373e+00 1.882985551296317863e+04
2.322322322322322385e+00 1.902870820681360419e+04
2.342342342342342398e+00 1.922785947210595259e+04
2.362362362362362411e+00 1.942730605233137248e+04
2.382382382382382424e+00 1.962704475268493479e+04
2.402402402402402437e+00 1.982707243843895048e+04
2.422422422422422450e+00 2.002738603336922824e+04
2.442442442442442463e+00 2.022798251823215833e+04
2.462462462462462476e+00 2.042885892929097463e+04
2.482482482482482489e+00 2.063001235688908855e+04
2.502502502502502502e+00 2.083143994406902857e+04
2.522522522522522515e+00 2.103313888523509013e+04
2.542542542542542527e+00 2.123510642485825520e+04
2.562562562562562540e+00 2.143733985622174805e+04
2.582582582582582553e+00 2.163983652020575755e+04
2.602602602602602566e+00 2.184259380410996164e+04
2.622622622622622579e+00 2.204560914051245709e+04
2.642642642642642592e+00 2.224888000616374848e+04
2.662662662662662605e+00 2.245240392091460672e+04
2.682682682682682618e+00 2.265617844667657846e+04
2.702702702702702631e+00 2.286020118641392037e+04
2.722722722722722644e+00 2.306446978316595414e+04
2.742742742742742657e+00 2.326898191909867455e+04
2.762762762762762669e+00 2.347373531458464277e+04
2.782782782782782682e+00 2.367872772731015721e+04
2.802802802802802695e+00 2.388395695140876705e+04
2.822822822822822708e+00 2.408942081662016062e+04
2.842842842842842721e+00 2.429511718747367195e+04
2.862862862862862734e+00 2.450104396249540878e+04
2.882882882882882747e+00 2.470719907343832892e+04
2.902902902902902760e+00 2.491358048453440279e+04
2.922922922922922773e+00 2.512018619176813445e+04
2.942942942942942786e+00 2.532701422217071740e+04
2.962962962962962798e+00 2.553406263313420277e+04
2.982982982982982811e+00 2.574132951174482878e+04
3.003003003003002824e+00 2.595270300114931524e+04
3.023023023023022837e+00 2.616039249875943278e+04
3.043043043043042850e+00 2.636829494560585226e+04
3.063063063063062863e+00 2.657640854098006093e+04
3.083083083083082876e+00 2.678473151079890158e+04
3.103103103103102889e+00 2.699326210704126788e+04
3.123123123123122902e+00 2.720199860720004290e+04
3.143143143143142915e+00 2.741093931374883687e+04
3.163163163163162928e+00 2.762008255362294949e+04
3.183183183183182940e+00 2.782942667771417837e+04
3.203203203203202953e+00 2.803897006037903702e+04
3.223223223223223410e+00 2.824871109895986956e+04
3.243243243243243423e+00 2.845864821331859275e+04
3.263263263263263436e+00 2.866877984538254168e+04
3.283283283283283449e+00 2.887910445870210970e+04
3.303303303303303462e+00 2.908962053801979710e+04
3.323323323323323475e+00 2.930032658885034834e+04
3.343343343343343488e+00 2.951122113707154131e+04
3.363363363363363501e+00 2.972230272852543203e+04
3.383383383383383514e+00 2.993356992862963671e+04
3.403403403403403527e+00 3.014502132199839252e+04
3.423423423423423539e+00 3.035665551207307362e+04
3.443443443443443552e+00 3.056847112076191479e+04
3.463463463463463565e+00 3.078046678808862998e+04
3.483483483483483578e+00 3.099264117184968200e+04
3.503503503503503591e+00 3.120499294727994129e+04
3.523523523523523604e+00 3.141752080672649026e+04
3.543543543543543617e+00 3.163022345933028919e+04
3.563563563563563630e+00 3.184309963071556558e+04
3.583583583583583643e+00 3.205614806268664324e+04
3.603603603603603656e+00 3.226936751293196357e+04
3.623623623623623669e+00 3.248275675473514639e+04
3.643643643643643681e+00 3.269631457669289375e+04
3.663663663663663694e+00 3.291003978243948222e+04
3.683683683683683707e+00 3.312393119037771248e+04
3.703703703703703720e+00 3.333798763341612357e+04
3.723723723723723733e+00 3.355220795871222072e+04
3.743743743743743746e+00 3.376659102742173127e+04
3.763763763763763759e+00 3.398113571445346315e+04
3.783783783783783772e+00 3.419584090822983853e+04
3.803803803803803785e+00 3.441070551045279717e+04
3.823823823823823798e+00 3.462572843587505486e+04
3.843843843843843811e+00 3.484090861207640410e+04
3.863863863863863823e+00 3.505624497924507887e+04
3.883883883883883836e+00 3.527173648996389966e+04
3.903903903903903849e+00 3.548738210900122795e+04
3.923923923923923862e+00 3.570318081310647540e+04
3.943943943943943875e+00 3.591913159081007325e+04
3.963963963963963888e+00 3.613523344222782180e+04
3.983983983983983901e+00 3.635148537886946724e+04
4.004004004004004358e+00 3.657139463007362792e+04
4.024024024024024371e+00 3.678793720587364078e+04
4.044044044044044384e+00 3.700462700230469636e+04
4.064064064064064397e+00 3.722146307436397910e+04
4.084084084084084409e+00 3.743844448754708719e+04
4.104104104104104422e+00 3.765557031767984154e+04
4.124124124124124435e+00 3.787283965075357264e+04
4.144144144144144448e+00 3.809025158276388538e+04
4.164164164164164461e+00 3.830780521955273434e+04
4.184184184184184474e+00 3.852549967665374425e+04
4.204204204204204487e+00 3.874333407914077543e+04
4.224224224224224500e+00 3.896130756147950160e+04
4.244244244244244513e+00 3.917941926738204347e+04
4.264264264264264526e+00 3.939766834966456372e+04
4.284284284284284539e+00 3.961605397010769957e+04
4.304304304304304551e+00 3.983457529931981844e+04
4.324324324324324564e+00 4.005323151660298754e+04
4.344344344344344577e+00 4.027202180982161372e+04
4.364364364364364590e+00 4.049094537527368811e+04
4.384384384384384603e+00 4.071000141756454104e+04
4.404404404404404616e+00 4.092918914948311431e+04
4.424424424424424629e+00 4.114850779188059096e+04
4.444444444444444642e+00 4.136795657355146250e+04
4.464464464464464655e+00 4.158753473111677886e+04
4.484484484484484668e+00 4.180724150890977035e+04
4.504504504504504681e+00 4.202707615886356507e+04
4.524524524524524693e+00 4.224703794040110370e+04
4.544544544544544706e+00 4.246712612032710604e+04
4.564564564564564719e+00 4.268733997272213310e+04
4.584584584584584732e+00 4.290767877883854817e+04
4.604604604604604745e+00 4.312814182699855883e+04
4.624624624624624758e+00 4.334872841249401972e+04
4.644644644644644771e+00 4.356943783748822898e+04
4.664664664664664784e+00 4.379026941091938352e+04
4.684684684684684797e+00 4.401122244840602070e+04
4.704704704704704810e+00 4.423229627215393702e+04
4.724724724724724823e+00 4.445349021086506400e+04
4.744744744744744835e+00 4.467480359964779200e+04
4.764764764764764848e+00 4.489623577992906212e+04
4.784784784784784861e+00 4.511778609936791327e+04
4.804804804804804874e+00 4.533945391177068814e+04
4.824824824824824887e+00 4.556123857700771623e+04
4.844844844844844900e+00 4.578313946093143750e+04
4.864864864864864913e+00 4.600515593529603939e+04
4.884884884884884926e+00 4.622728737767844723e+04
4.904904904904904939e+00 4.644953317140078434e+04
4.924924924924924952e+00 4.667189270545407635e+04
4.944944944944944965e+00 4.689436537442338158e+04
4.964964964964964977e+00 4.711695057841421658e+04
4.984984984984984990e+00 4.733964772298010939e+04
5.005005005005005003e+00 4.756567062337512471e+04
5.025025025025025016e+00 4.778858472162411636e+04
5.045045045045045029e+00 4.801160903285031236e+04
5.065065065065065042e+00 4.823474298353173799e+04
5.085085085085085055e+00 4.845798600525243819e+04
5.105105105105105068e+00 4.868133753463719040e+04
5.125125125125125081e+00 4.890479701328725787e+04
5.145145145145145094e+00 4.912836388771737984e+04
5.165165165165165106e+00 4.935203760929364216e+04
5.185185185185185119e+00 4.957581763417248294e+04
5.205205205205205132e+00 4.979970342324066587e+04
5.225225225225225145e+00 5.002369444205619948e+04
5.245245245245245158e+00 5.024779016079038411e+04
5.265265265265265171e+00 5.047199005417052103e+04
5.285285285285285184e+00 5.069629360142384394e+04
5.305305305305305197e+00 5.092070028622220707e+04
5.325325325325325210e+00 5.114520959662765381e+04
5.345345345345345223e+00 5.136982102503891656e+04
5.365365365365365236e+00 5.159453406813876063e+04
5.385385385385385248e+00 5.181934822684211395e+04
5.405405405405405261e+00 5.204426300624514261e+04
5.425425425425425274e+00 5.226927791557497403e+04
5.445445445445445287e+00 5.249439246814027138e+04
5.465465465465465300e+00 5.271960618128268834e+04
5.485485485485485313e+00 5.294491857632892788e+04
5.505505505505505326e+00 5.317032917854363768e+04
5.525525525525525339e+00 5.339583751708298223e+04
5.545545545545545352e+00 5.362144312494900805e+04
5.565565565565565365e+00 5.384714553894460551e+04
5.585585585585585378e+00 5.407294429962927097e+04
5.605605605605605390e+00 5.429883895127545838e+04
5.625625625625625403e+00 5.452482904182565107e+04
5.645645645645645416e+00 5.475091412285003753e+04
5.665665665665665429e+00 5.497709374950489291e+04
5.685685685685685442e+00 5.520336748049151356e+04
5.705705705705705455e+00 5.542973487801579904e+04
5.725725725725725468e+00 5.565619550774845993e+04
5.745745745745745481e+00 5.588274893878577132e+04
5.765765765765765494e+00 5.610939474361095199e+04
5.785785785785785507e+00 5.633613249805611122e+04
5.805805805805805520e+00 5.656296178126468294e+04
5.825825825825825532e+00 5.678988217565454397e+04
5.845845845845845545e+00 5.701689326688153233e+04
5.865865865865865558e+00 5.724399464380360587e+04
5.885885885885885571e+00 5.747118589844545932e+04
5.905905905905905584e+00 5.769846662596365059e+04
5.925925925925925597e+00 5.792583642461230920e+04
5.945945945945945610e+00 5.815329489570920123e+04
5.965965965965965623e+00 5.838084164360243449e+04
5.985985985985985636e+00 5.860847627563745482e+04
6.006006006006005649e+00 5.883917999976280407e+04
6.026026026026025662e+00 5.906698507814428740e+04
6.046046046046045674e+00 5.929487689723493531e+04
6.066066066066065687e+00 5.952285507594094088e+04
6.086086086086085700e+00 5.975091923600918381e+04
6.106106106106105713e+00 5.997906900199704978e+04
6.126126126126125726e+00 6.020730400124256994e+04
6.146146146146145739e+00 6.043562386383507692e+04
6.166166166166165752e+00 6.066402822258621745e+04
6.186186186186185765e+00 6.089251671300137969e+04
6.206206206206205778e+00 6.112108897325146245e+04
6.226226226226225791e+00 6.134974464414513204e+04
6.246246246246245803e+00 6.157848336910133366e+04
6.266266266266265816e+00 6.180730479412236309e+04
6.286286286286285829e+00 6.203620856776701112e+04
6.306306306306305842e+00 6.226519434112439194e+04
6.326326326326325855e+00 6.249426176778788795e+04
6.346346346346345868e+00 6.272341050382957474e+04
6.366366366366365881e+00 6.295264020777490805e+04
6.386386386386385894e+00 6.318195054057784728e+04
6.406406406406405907e+00 6.341134116559614631e+04
6.426426426426426808e+00 6.364081174856720463e+04
6.446446446446446821e+00 6.387036195758394751e+04
6.466466466466466834e+00 6.409999146307134652e+04
6.486486486486486847e+00 6.432969993776296178e+04
6.506506506506506859e+00 6.455948705667793547e+04
6.526526526526526872e+00 6.478935249709833442e+04
6.546546546546546885e+00 6.501929593854663835e+04
6.566566566566566898e+00 6.524931706276361365e+04
6.586586586586586911e+00 6.547941555368644913e+04
6.606606606606606924e+00 6.570959109742722649e+04
6.626626626626626937e+00 6.593984338225156534e+04
6.646646646646646950e+00 6.617017209855762485e+04
6.666666666666666963e+00 6.640057693885533081e+04
6.686686686686686976e+00 6.663105759774592298e+04
6.706706706706706989e+00 6.686161377190164058e+04
6.726726726726727001e+00 6.709224516004582983e+04
6.746746746746747014e+00 6.732295146293315338e+04
6.766766766766767027e+00 6.755373238333014888e+04
6.786786786786787040e+00 6.778458762599594775e+04
6.806806806806807053e+00 6.801551689766337222e+04
6.826826826826827066e+00 6.824651990702006151e+04
6.846846846846847079e+00 6.847759636469003453e+04
6.866866866866867092e+00 6.870874598321531084e+04
6.886886886886887105e+00 6.893996847703799722e+04
6.906906906906907118e+00 6.917126356248215598e+04
6.926926926926927131e+00 6.940263095773654641e+04
6.946946946946947143e+00 6.963407038283682778e+04
6.966966966966967156e+00 6.986558155964870821e+04
6.986986986986987169e+00 7.009716421185062791e+04
7.007007007007007182e+00 7.033161007177169085e+04
7.027027027027027195e+00 7.056333142499020323e+04
7.047047047047047208e+00 7.079512344771805510e+04
7.067067067067067221e+00 7.102698587064721505e+04
7.087087087087087234e+00 7.125891842620106763e+04
7.107107107107107247e+00 7.149092084851881373e+04
7.127127127127127260e+00 7.172299287343963806e+04
7.147147147147147273e+00 7.195513423848747334e+04
7.167167167167167285e+00 7.218734468285561888e+04
7.187187187187187298e+00 7.241962394739170850e+04
7.207207207207207311e+00 7.265197177458282385e+04
7.227227227227227324e+00 7.288438790854078252e+04
7.247247247247247337e+00 7.311687209498755692e+04
7.267267267267267350e+00 7.334942408124091162e+04
7.287287287287287363e+00 7.358204361620022974e+04
7.307307307307307376e+00 7.381473045033242670e+04
7.327327327327327389e+00 7.404748433565805317e+04
7.347347347347347402e+00 7.428030502573763079e+04
7.367367367367367414e+00 7.451319227565803158e+04
7.387387387387387427e+00 7.474614584201913385e+04
7.407407407407407440e+00 7.497916548292046355e+04
7.427427427427427453e+00 7.521225095794822846e+04
7.447447447447447466e+00 7.544540202816225064e+04
7.467467467467467479e+00 7.567861845608317526e+04
7.487487487487487492e+00 7.591190000567988318e+04
7.507507507507507505e+00 7.614524644235688902e+04
7.527527527527527518e+00 7.637865753294200113e+04
7.547547547547547531e+00 7.661213304567409796e+04
7.567567567567567544e+00 7.684567275019094814e+04
7.587587587587587556e+00 7.707927641751736519e+04
7.607607607607607569e+00 7.731294382005321677e+04
7.627627627627627582e+00 7.754667473156192864e+04
7.647647647647647595e+00 7.778046892715871218e+04
7.667667667667667608e+00 7.801432618329924298e+04
7.687687687687687621e+00 7.824824627776825218e+04
7.707707707707707634e+00 7.848222898966849607e+04
7.727727727727727647e+00 7.871627409940942016e+04
7.747747747747747660e+00 7.895038138869649265e+04
7.767767767767767673e+00 7.918455064052014495e+04
7.787787787787787686e+00 7.941878163914523611e+04
7.807807807807807698e+00 7.965307417010029894e+04
7.827827827827827711e+00 7.988742802016722271e+04
7.847847847847847724e+00 8.012184297737067391e+04
7.867867867867867737e+00 8.035631883096812817e+04
7.887887887887887750e+00 8.059085537143936381e+04
7.907907907907907763e+00 8.082545239047677023e+04
7.927927927927927776e+00 8.106010968097520526e+04
7.947947947947947789e+00 8.129482703702220169e+04
7.967967967967967802e+00 8.152960425388830481e+04
7.987987987987987815e+00 8.176444112801742449e+04
8.008008008008008716e+00 8.200197148743589059e+04
8.028028028028028729e+00 8.223692418361958698e+04
8.048048048048048742e+00 8.247193594269515597e+04
8.068068068068068754e+00 8.270700656565636746e+04
8.088088088088088767e+00 8.294213585462396441e+04
8.108108108108108780e+00 8.317732361283690261e+04
8.128128128128128793e+00 8.341256964464322664e+04
8.148148148148148806e+00 8.364787375549138233e+04
8.168168168168168819e+00 8.388323575192126737e+04
8.188188188188188832e+00 8.411865544155579119e+04
8.208208208208208845e+00 8.435413263309208560e+04
8.228228228228228858e+00 8.458966713629332662e+04
8.248248248248248871e+00 8.482525876197985781e+04
8.268268268268268884e+00 8.506090732202137588e+04
8.288288288288288896e+00 8.529661262932844693e+04
8.308308308308308909e+00 8.553237449784437194e+04
8.328328328328328922e+00 8.576819274253718322e+04
8.348348348348348935e+00 8.600406717939166992e+04
8.368368368368368948e+00 8.623999762540143274e+04
8.388388388388388961e+00 8.647598389856109861e+04
8.408408408408408974e+00 8.671202581785859365e+04
8.428428428428428987e+00 8.694812320326753252e+04
8.448448448448449000e+00 8.718427587573937490e+04
8.468468468468469013e+00 8.742048365719626599e+04
8.488488488488489025e+00 8.765674637052349863e+04
8.508508508508509038e+00 8.789306383956193167e+04
8.528528528528529051e+00 8.812943588910097606e+04
8.548548548548549064e+00 8.836586234487128968e+04
8.568568568568569077e+00 8.860234303353761788e+04
8.588588588588589090e+00 8.883887778269169212e+04
8.608608608608609103e+00 8.907546642084528867e+04
8.628628628628629116e+00 8.931210877742331650e+04
8.648648648648649129e+00 8.954880468275677413e+04
8.668668668668669142e+00 8.978555396807624493e+04
8.688688688688689155e+00 9.002235646550483943e+04
8.708708708708709167e+00 9.025921200805179251e+04
8.728728728728729180e+00 9.049612042960575491e+04
8.748748748748749193e+00 9.073308156492818671e+04
8.768768768768769206e+00 9.097009524964698358e+04
8.788788788788789219e+00 9.120716132025004481e+04
8.808808808808809232e+00 9.144427961407887051e+04
8.828828828828829245e+00 9.168144996932233335e+04
8.848848848848849258e+00 9.191867222501040669e+04
8.868868868868869271e+00 9.215594622100798006e+04
8.888888888888889284e+00 9.239327179800883459e+04
8.908908908908909297e+00 9.263064879752948764e+04
8.928928928928929309e+00 9.286807706190312456e+04
8.948948948948949322e+00 9.310555643427401083e+04
8.968968968968969335e+00 9.334308675859113282e+04
8.988988988988989348e+00 9.358066787960272632e+04
9.009009009009009361e+00 9.382079953986784676e+04
9.029029029029029374e+00 9.405847931963430892e+04
9.049049049049049387e+00 9.429620944233055343e+04
9.069069069069069400e+00 9.453398975580910337e+04
9.089089089089089413e+00 9.477182010869354417e+04
9.109109109109109426e+00 9.500970035037290654e+04
9.129129129129129439e+00 9.524763033099622407e+04
9.149149149149149451e+00 9.548560990146730910e+04
9.169169169169169464e+00 9.572363891343909199e+04
9.189189189189189477e+00 9.596171721930857166e+04
9.209209209209209490e+00 9.619984467221137311e+04
9.229229229229229503e+00 9.643802112601668341e+04
9.249249249249249516e+00 9.667624643532188202e+04
9.269269269269269529e+00 9.691452045544772409e+04
9.289289289289289542e+00 9.715284304243291263e+04
9.309309309309309555e+00 9.739121405302939820e+04
9.329329329329329568e+00 9.762963334469715483e+04
9.349349349349349581e+00 9.786810077559942147e+04
9.369369369369369593e+00 9.810661620459760888e+04
9.389389389389389606e+00 9.834517949124673032e+04
9.409409409409409619e+00 9.858379049579030834e+04
9.429429429429429632e+00 9.882244907915584918e+04
9.449449449449449645e+00 9.906115510294996784e+04
9.469469469469469658e+00 9.929990842945378972e+04
9.489489489489489671e+00 9.953870892161830852e+04
9.509509509509509684e+00 9.977755644305974420e+04
9.529529529529529697e+00 1.000164508580550610e+05
9.549549549549549710e+00 1.002553920315374417e+05
9.569569569569569722e+00 1.004943798290917330e+05
9.589589589589589735e+00 1.007334141169501672e+05
9.609609609609609748e+00 1.009724947619878221e+05
9.629629629629629761e+00 1.012116216317183571e+05
9.649649649649649774e+00 1.014507945942896476e+05
9.669669669669669787e+00 1.016900135184795508e+05
9.689689689689689800e+00 1.019292782736915979e+05
9.709709709709709813e+00 1.021685887299509341e+05
9.729729729729729826e+00 1.024079447578999097e+05
9.749749749749749839e+00 1.026473462287941802e+05
9.769769769769769852e+00 1.028867930144984857e+05
9.789789789789789864e+00 1.031262849874827225e+05
9.809809809809809877e+00 1.033658220208176353e+05
9.829829829829829890e+00 1.036054039881711651e+05
9.849849849849849903e+00 1.038450307638043159e+05
9.869869869869869916e+00 1.040847022225672117e+05
9.889889889889889929e+00 1.043244182398952835e+05
9.909909909909909942e+00 1.045641786918054131e+05
9.929929929929929955e+00 1.048039834548920335e+05
9.949949949949949968e+00 1.050438324063234322e+05
9.969969969969969981e+00 1.052837254238379101e+05
9.989989989989989994e+00 1.055236623857401428e+05
1.001001001001001001e+01 1.057660273902080517e+05
1.003003003003003002e+01 1.060060497308667982e+05
1.005005005005005003e+01 1.062461156599402166e+05
1.007007007007007005e+01 1.064862250579362590e+05
1.009009009009009006e+01 1.067263778059111937e+05
1.011011011011011007e+01 1.069665737854660838e+05
1.013013013013013008e+01 1.072068128787432215e+05
1.015015015015015010e+01 1.074470949684227089e+05
1.017017017017017011e+01 1.076874199377190089e+05
1.019019019019019012e+01 1.079277876703774818e+05
1.021021021021021014e+01 1.081681980506708496e+05
1.023023023023023015e+01 1.084086509633961541e+05
1.025025025025025016e+01 1.086491462938711484e+05
1.027027027027027017e+01 1.088896839279310807e+05
1.029029029029029019e+01 1.091302637519253622e+05
1.031031031031031020e+01 1.093708856527144380e+05
1.033033033033033021e+01 1.096115495176662953e+05
1.035035035035035023e+01 1.098522552346535376e+05
1.037037037037037024e+01 1.100930026920500241e+05
1.039039039039039025e+01 1.103337917787278857e+05
1.041041041041041026e+01 1.105746223840540479e+05
1.043043043043043028e+01 1.108154943978876108e+05
1.045045045045045029e+01 1.110564077105764300e+05
1.047047047047047030e+01 1.112973622129541181e+05
1.049049049049049032e+01 1.115383577963370917e+05
1.051051051051051033e+01 1.117793943525215727e+05
1.053053053053053034e+01 1.120204717737804604e+05
1.055055055055055035e+01 1.122615899528606242e+05
1.057057057057057037e+01 1.125027487829796883e+05
1.059059059059059038e+01 1.127439481578233972e+05
1.061061061061061039e+01 1.129851879715424875e+05
1.063063063063063041e+01 1.132264681187500100e+05
1.065065065065065042e+01 1.134677884945183614e+05
1.067067067067067043e+01 1.137091489943766064e+05
1.069069069069069045e+01 1.139505495143074659e+05
1.071071071071071046e+01 1.141919899507447699e+05
1.073073073073073047e+01 1.144334702005706204e+05
1.075075075075075048e+01 1.146749901611126552e+05
1.077077077077077050e+01 1.149165497301412543e+05
1.079079079079079051e+01 1.151581488058670220e+05
1.081081081081081052e+01 1.153997872869380080e+05
1.083083083083083054e+01 1.156414650724371168e+05
1.085085085085085055e+01 1.158831820618794445e+05
1.087087087087087056e+01 1.161249381552097038e+05
1.089089089089089057e+01 1.163667332527995895e+05
1.091091091091091059e+01 1.166085672554453340e+05
1.093093093093093060e+01 1.168504400643650006e+05
1.095095095095095061e+01 1.170923515811961261e+05
1.097097097097097063e+01 1.173343017079930432e+05
1.099099099099099064e+01 1.175762903472245962e+05
1.101101101101101065e+01 1.178206005601342331e+05
1.103103103103103066e+01 1.180626640460831841e+05
1.105105105105105068e+01 1.183047657589828159e+05
1.107107107107107069e+01 1.185469056029162748e+05
1.109109109109109070e+01 1.187890834823688783e+05
1.111111111111111072e+01 1.190312993022260198e+05
1.113113113113113073e+01 1.192735529677708109e+05
1.115115115115115074e+01 1.195158443846815790e+05
1.117117117117117076e+01 1.197581734590296255e+05
1.119119119119119077e+01 1.200005400972770440e+05
1.121121121121121078e+01 1.202429442062742310e+05
1.123123123123123079e+01 1.204853856932577619e+05
1.125125125125125081e+01 1.207278644658480771e+05
1.127127127127127082e+01 1.209703804320472409e+05
1.129129129129129083e+01 1.212129335002368316e+05
1.131131131131131085e+01 1.214555235791756277e+05
1.133133133133133086e+01 1.216981505779973813e+05
1.135135135135135087e+01 1.219408144062088541e+05
1.137137137137137088e+01 1.221835149736874446e+05
1.139139139139139090e+01 1.224262521906792390e+05
1.141141141141141091e+01 1.226690259677966824e+05
1.143143143143143092e+01 1.229118362160167599e+05
1.145145145145145094e+01 1.231546828466785664e+05
1.147147147147147095e+01 1.233975657714815607e+05
1.149149149149149096e+01 1.236404849024833238e+05
1.151151151151151097e+01 1.238834401520974789e+05
1.153153153153153099e+01 1.241264314330918423e+05
1.155155155155155100e+01 1.243694586585862562e+05
1.157157157157157101e+01 1.246125217420506960e+05
1.159159159159159103e+01 1.248556205973031756e+05
1.161161161161161104e+01 1.250987551385078987e+05
1.163163163163163105e+01 1.253419252801732073e+05
1.165165165165165106e+01 1.255851309371497337e+05
1.167167167167167108e+01 1.258283720246283774e+05
1.169169169169169109e+01 1.260716484581384866e+05
1.171171171171171110e+01 1.263149601535458787e+05
1.173173173173173112e+01 1.265583070270510507e+05
1.175175175175175113e+01 1.268016889951871854e+05
1.177177177177177114e+01 1.270451059748184343e+05
1.179179179179179116e+01 1.272885578831379244e+05
1.181181181181181117e+01 1.275320446376661421e+05
1.183183183183183118e+01 1.277755661562488385e+05
1.185185185185185119e+01 1.280191223570554575e+05
1.187187187187187121e+01 1.282627131585772004e+05
1.189189189189189122e+01 1.285063384796254250e+05
1.191191191191191123e+01 1.287499982393295941e+05
1.193193193193193125e+01 1.289936923571357911e+05
1.195195195195195126e+01 1.292374207528049010e+05
1.197197197197197127e+01 1.294811833464107767e+05
1.199199199199199128e+01 1.297249800583386823e+05
1.201201201201201130e+01 1.299710046995572484e+05
1.203203203203203131e+01 1.302148677350532089e+05
1.205205205205205132e+01 1.304587646556951513e+05
1.207207207207207134e+01 1.307026953830823768e+05
1.209209209209209135e+01 1.309466598391172301e+05
1.211211211211211136e+01 1.311906579460033099e+05
1.213213213213213137e+01 1.314346896262440423e+05
1.215215215215215139e+01 1.316787548026409640e+05
1.217217217217217140e+01 1.319228533982920635e+05
1.219219219219219141e+01 1.321669853365902673e+05
1.221221221221221143e+01 1.324111505412218394e+05
1.223223223223223144e+01 1.326553489361647516e+05
1.225225225225225145e+01 1.328995804456871410e+05
1.227227227227227146e+01 1.331438449943457963e+05
1.229229229229229148e+01 1.333881425069845573e+05
1.231231231231231149e+01 1.336324729087327723e+05
1.233233233233233150e+01 1.338768361250039306e+05
1.235235235235235152e+01 1.341212320814938575e+05
1.237237237237237153e+01 1.343656607041795214e+05
1.239239239239239154e+01 1.346101219193172001e+05
1.241241241241241156e+01 1.348546156534414913e+05
1.243243243243243157e+01 1.350991418333633046e+05
1.245245245245245158e+01 1.353437003861687845e+05
1.247247247247247159e+01 1.355882912392175931e+05
1.249249249249249161e+01 1.358329143201417173e+05
1.251251251251251162e+01 1.360775695568437804e+05
1.253253253253253163e+01 1.363222568774958781e+05
1.255255255255255165e+01 1.365669762105379777e+05
1.257257257257257166e+01 1.368117274846766086e+05
1.259259259259259167e+01 1.370565106288833194e+05
1.261261261261261168e+01 1.373013255723936018e+05
1.263263263263263170e+01 1.375461722447052016e+05
1.265265265265265171e+01 1.377910505755768681e+05
1.267267267267267172e+01 1.380359604950270732e+05
1.269269269269269174e+01 1.382809019333325268e+05
1.271271271271271175e+01 1.385258748210269259e+05
1.273273273273273176e+01 1.387708790888996737e+05
1.275275275275275177e+01 1.390159146679943660e+05
1.277277277277277179e+01 1.392609814896077442e+05
1.279279279279279180e+01 1.395060794852881518e+05
1.281281281281281181e+01 1.397512085868344002e+05
1.283283283283283360e+01 1.399963687262943713e+05
1.285285285285285362e+01 1.402415598359638534e+05
1.287287287287287363e+01 1.404867818483851443e+05
1.289289289289289364e+01 1.407320346963459160e+05
1.291291291291291365e+01 1.409773183128779056e+05
1.293293293293293367e+01 1.412226326312556048e+05
1.295295295295295368e+01 1.414679775849951839e+05
1.297297297297297369e+01 1.417133531078531232e+05
1.299299299299299371e+01 1.419587591338250204e+05
1.301301301301301372e+01 1.422063098996765330e+05
1.303303303303303373e+01 1.424517752344308828e+05
1.305305305305305374e+01 1.426972708788881137e+05
1.307307307307307376e+01 1.429427967679772119e+05
1.309309309309309377e+01 1.431883528368603147e+05
1.311311311311311378e+01 1.434339390209316916e+05
1.313313313313313380e+01 1.436795552558164054e+05
1.315315315315315381e+01 1.439252014773692936e+05
1.317317317317317382e+01 1.441708776216738042e+05
1.319319319319319384e+01 1.444165836250406282e+05
1.321321321321321385e+01 1.446623194240069715e+05
1.323323323323323386e+01 1.449080849553350999e+05
1.325325325325325387e+01 1.451538801560112624e+05
1.327327327327327389e+01 1.453997049632446724e+05
1.329329329329329390e+01 1.456455593144664308e+05
1.331331331331331391e+01 1.458914431473282457e+05
1.333333333333333393e+01 1.461373563997015299e+05
1.335335335335335394e+01 1.463832990096762369e+05
1.337337337337337395e+01 1.466292709155597549e+05
1.339339339339339396e+01 1.468752720558758301e+05
1.341341341341341398e+01 1.471213023693636351e+05
1.343343343343343399e+01 1.473673617949765176e+05
1.345345345345345400e+01 1.476134502718810691e+05
1.347347347347347402e+01 1.478595677394560480e+05
1.349349349349349403e+01 1.481057141372913611e+05
1.351351351351351404e+01 1.483518894051870448e+05
1.353353353353353405e+01 1.485980934831521299e+05
1.355355355355355407e+01 1.488443263114037691e+05
1.357357357357357408e+01 1.490905878303661884e+05
1.359359359359359409e+01 1.493368779806695238e+05
1.361361361361361411e+01 1.495831967031490931e+05
1.363363363363363412e+01 1.498295439388442028e+05
1.365365365365365413e+01 1.500759196289971878e+05
1.367367367367367414e+01 1.503223237150525092e+05
1.369369369369369416e+01 1.505687561386557354e+05
1.371371371371371417e+01 1.508152168416524946e+05
1.373373373373373418e+01 1.510617057660876308e+05
1.375375375375375420e+01 1.513082228542042722e+05
1.377377377377377421e+01 1.515547680484427256e+05
1.379379379379379422e+01 1.518013412914396613e+05
1.381381381381381424e+01 1.520479425260270364e+05
1.383383383383383425e+01 1.522945716952313669e+05
1.385385385385385426e+01 1.525412287422726513e+05
1.387387387387387427e+01 1.527879136105634389e+05
1.389389389389389429e+01 1.530346262437080150e+05
1.391391391391391430e+01 1.532813665855014406e+05
1.393393393393393431e+01 1.535281345799285627e+05
1.395395395395395433e+01 1.537749301711632579e+05
1.397397397397397434e+01 1.540217533035674714e+05
1.399399399399399435e+01 1.542686039216903446e+05
1.401401401401401436e+01 1.545175247358781053e+05
1.403403403403403438e+01 1.547644288061370607e+05
1.405405405405405439e+01 1.550113601995568315e+05
1.407407407407407440e+01 1.552583188614176179e+05
1.409409409409409442e+01 1.555053047371824214e+05
1.411411411411411443e+01 1.557523177724965208e+05
1.413413413413413444e+01 1.559993579131861043e+05
1.415415415415415445e+01 1.562464251052578038e+05
1.417417417417417447e+01 1.564935192948974727e+05
1.419419419419419448e+01 1.567406404284699238e+05
1.421421421421421449e+01 1.569877884525176196e+05
1.423423423423423451e+01 1.572349633137599158e+05
1.425425425425425452e+01 1.574821649590922752e+05
1.427427427427427453e+01 1.577293933355857152e+05
1.429429429429429455e+01 1.579766483904855850e+05
1.431431431431431456e+01 1.582239300712110708e+05
1.433433433433433457e+01 1.584712383253541484e+05
1.435435435435435458e+01 1.587185731006788264e+05
1.437437437437437460e+01 1.589659343451207387e+05
1.439439439439439461e+01 1.592133220067857474e+05
1.441441441441441462e+01 1.594607360339495935e+05
1.443443443443443464e+01 1.597081763750569662e+05
1.445445445445445465e+01 1.599556429787208326e+05
1.447447447447447466e+01 1.602031357937213907e+05
1.449449449449449467e+01 1.604506547690056032e+05
1.451451451451451469e+01 1.606981998536864412e+05
1.453453453453453470e+01 1.609457709970417491e+05
1.455455455455455471e+01 1.611933681485140987e+05
1.457457457457457473e+01 1.614409912577094801e+05
1.459459459459459474e+01 1.616886402743967483e+05
1.461461461461461475e+01 1.619363151485070994e+05
1.463463463463463476e+01 1.621840158301331103e+05
1.465465465465465478e+01 1.624317422695278656e+05
1.467467467467467479e+01 1.626794944171047537e+05
1.469469469469469480e+01 1.629272722234361281e+05
1.471471471471471482e+01 1.631750756392529875e+05
1.473473473473473483e+01 1.634229046154442185e+05
1.475475475475475484e+01 1.636707591030556941e+05
1.477477477477477485e+01 1.639186390532897785e+05
1.479479479479479487e+01 1.641665444175045122e+05
1.481481481481481488e+01 1.644144751472130010e+05
1.483483483483483489e+01 1.646624311940825428e+05
1.485485485485485491e+01 1.649104125099341909e+05
1.487487487487487492e+01 1.651584190467419685e+05
1.489489489489489493e+01 1.654064507566320244e+05
1.491491491491491495e+01 1.656545075918821676e+05
1.493493493493493496e+01 1.659025895049211395e+05
1.495495495495495497e+01 1.661506964483279444e+05
1.497497497497497498e+01 1.663988283748310350e+05
1.499499499499499500e+01 1.666469852373079921e+05
1.501501501501501501e+01 1.668971450061327487e+05
1.503503503503503502e+01 1.671453503704178438e+05
1.505505505505505504e+01 1.673935805324805260e+05
1.507507507507507505e+01 1.676418354457803944e+05
1.509509509509509506e+01 1.678901150639225671e+05
1.511511511511511507e+01 1.681384193406574777e+05
1.513513513513513509e+01 1.683867482298798568e+05
1.515515515515515510e+01 1.686351016856282367e+05
1.517517517517517511e+01 1.688834796620842826e+05
1.519519519519519513e+01 1.691318821135722392e+05
1.521521521521521514e+01 1.693803089945583197e+05
1.523523523523523515e+01 1.696287602596499200e+05
1.525525525525525516e+01 1.698772358635951241e+05
1.527527527527527518e+01 1.701257357612821506e+05
1.529529529529529519e+01 1.703742599077387422e+05
1.531531531531531520e+01 1.706228082581313793e+05
1.533533533533533522e+01 1.708713807677648147e+05
1.535535535535535523e+01 1.711199773920814623e+05
1.537537537537537524e+01 1.713685980866608734e+05
1.539539539539539525e+01 1.716172428072191251e+05
1.541541541541541527e+01 1.718659115096078895e+05
1.543543543543543528e+01 1.721146041498144914e+05
1.545545545545545529e+01 1.723633206839607155e+05
1.547547547547547531e+01 1.726120610683027189e+05
1.549549549549549532e+01 1.728608252592300123e+05
1.551551551551551533e+01 1.731096132132652565e+05
1.553553553553553535e+01 1.733584248870634474e+05
1.555555555555555536e+01 1.736072602374115377e+05
1.557557557557557537e+01 1.738561192212276219e+05
1.559559559559559538e+01 1.741050017955607036e+05
1.561561561561561540e+01 1.743539079175899096e+05
1.563563563563563541e+01 1.746028375446239952e+05
1.565565565565565542e+01 1.748517906341007329e+05
1.567567567567567544e+01 1.751007671435865632e+05
1.569569569569569545e+01 1.753497670307758672e+05
1.571571571571571546e+01 1.755987902534904424e+05
1.573573573573573547e+01 1.758478367696789501e+05
1.575575575575575549e+01 1.760969065374165948e+05
1.577577577577577550e+01 1.763459995149042807e+05
1.579579579579579551e+01 1.765951156604682619e+05
1.581581581581581553e+01 1.768442549325595901e+05
1.583583583583583554e+01 1.770934172897535609e+05
1.585585585585585555e+01 1.773426026907493069e+05
1.587587587587587556e+01 1.775918110943690990e+05
1.589589589589589558e+01 1.778410424595578806e+05
1.591591591591591559e+01 1.780902967453828605e+05
1.593593593593593560e+01 1.783395739110329596e+05
1.595595595595595562e+01 1.785888739158182289e+05
1.597597597597597563e+01 1.788381967191693548e+05
1.599599599599599564e+01 1.790875422806373390e+05
1.601601601601601743e+01 1.793388296050955250e+05
1.603603603603603744e+01 1.795882194390053046e+05
1.605605605605605746e+01 1.798376319123659923e+05
1.607607607607607747e+01 1.800870669851986459e+05
1.609609609609609748e+01 1.803365246176419605e+05
1.611611611611611750e+01 1.805860047699517454e+05
1.613613613613613751e+01 1.808355074025007489e+05
1.615615615615615752e+01 1.810850324757779599e+05
1.617617617617617753e+01 1.813345799503882008e+05
1.619619619619619755e+01 1.815841497870514577e+05
1.621621621621621756e+01 1.818337419466026186e+05
1.623623623623623757e+01 1.820833563899911824e+05
1.625625625625625759e+01 1.823329930782803276e+05
1.627627627627627760e+01 1.825826519726467377e+05
1.629629629629629761e+01 1.828323330343800772e+05
1.631631631631631763e+01 1.830820362248826132e+05
1.633633633633633764e+01 1.833317615056685172e+05
1.635635635635635765e+01 1.835815088383637485e+05
1.637637637637637766e+01 1.838312781847053557e+05
1.639639639639639768e+01 1.840810695065410982e+05
1.641641641641641769e+01 1.843308827658289229e+05
1.643643643643643770e+01 1.845807179246366431e+05
1.645645645645645772e+01 1.848305749451415031e+05
1.647647647647647773e+01 1.850804537896295660e+05
1.649649649649649774e+01 1.853303544204955106e+05
1.651651651651651775e+01 1.855802768002419034e+05
1.653653653653653777e+01 1.858302208914789953e+05
1.655655655655655778e+01 1.860801866569241392e+05
1.657657657657657779e+01 1.863301740594017610e+05
1.659659659659659781e+01 1.865801830618421955e+05
1.661661661661661782e+01 1.868302136272818316e+05
1.663663663663663783e+01 1.870802657188626181e+05
1.665665665665665784e+01 1.873303392998315103e+05
1.667667667667667786e+01 1.875804343335399171e+05
1.669669669669669787e+01 1.878305507834436721e+05
1.671671671671671788e+01 1.880806886131024221e+05
1.673673673673673790e+01 1.883308477861791034e+05
1.675675675675675791e+01 1.885810282664395054e+05
1.677677677677677792e+01 1.888312300177522120e+05
1.679679679679679793e+01 1.890814530040878453e+05
1.681681681681681795e+01 1.893316971895188908e+05
1.683683683683683796e+01 1.895819625382189988e+05
1.685685685685685797e+01 1.898322490144628973e+05
1.687687687687687799e+01 1.900825565826258389e+05
1.689689689689689800e+01 1.903328852071832807e+05
1.691691691691691801e+01 1.905832348527103022e+05
1.693693693693693803e+01 1.908336054838814889e+05
1.695695695695695804e+01 1.910839970654703793e+05
1.697697697697697805e+01 1.913344095623490575e+05
1.699699699699699806e+01 1.915848429394878040e+05
1.701701701701701808e+01 1.918371622083249677e+05
1.703703703703703809e+01 1.920876362103200227e+05
1.705705705705705810e+01 1.923381309897767496e+05
1.707707707707707812e+01 1.925886465120495996e+05
1.709709709709709813e+01 1.928391827425895317e+05
1.711711711711711814e+01 1.930897396469434607e+05
1.713713713713713815e+01 1.933403171907537908e+05
1.715715715715715817e+01 1.935909153397580958e+05
1.717717717717717818e+01 1.938415340597888571e+05
1.719719719719719819e+01 1.940921733167729981e+05
1.721721721721721821e+01 1.943428330767315638e+05
1.723723723723723822e+01 1.945935133057791973e+05
1.725725725725725823e+01 1.948442139701240521e+05
1.727727727727727824e+01 1.950949350360671815e+05
1.729729729729729826e+01 1.953456764700024796e+05
1.731731731731731827e+01 1.955964382384158380e+05
1.733733733733733828e+01 1.958472203078852908e+05
1.735735735735735830e+01 1.960980226450804621e+05
1.737737737737737831e+01 1.963488452167620708e+05
1.739739739739739832e+01 1.965996879897818726e+05
1.741741741741741833e+01 1.968505509310819616e+05
1.743743743743743835e+01 1.971014340076948574e+05
1.745745745745745836e+01 1.973523371867427777e+05
1.747747747747747837e+01 1.976032604354374344e+05
1.749749749749749839e+01 1.978542037210797134e+05
1.751751751751751840e+01 1.981051670110593550e+05
1.753753753753753841e+01 1.983561502728545747e+05
1.755755755755755843e+01 1.986071534740317147e+05
1.757757757757757844e+01 1.988581765822448651e+05
1.759759759759759845e+01 1.991092195652356895e+05
1.761761761761761846e+01 1.993602823908330465e+05
1.763763763763763848e+01 1.996113650269524078e+05
1.765765765765765849e+01 1.998624674415958580e+05
1.767767767767767850e+01 2.001135896028516872e+05
1.769769769769769852e+01 2.003647314788939548e+05
1.771771771771771853e+01 2.006158930379822268e+05
1.773773773773773854e+01 2.008670742484612274e+05
1.775775775775775855e+01 2.011182750787606928e+05
1.777777777777777857e+01 2.013694954973948188e+05
1.779779779779779858e+01 2.016207354729619692e+05
1.781781781781781859e+01 2.018719949741444725e+05
1.783783783783783861e+01 2.021232739697083307e+05
1.785785785785785862e+01 2.023745724285028118e+05
1.787787787787787863e+01 2.026258903194600716e+05
1.789789789789789864e+01 2.028772276115950081e+05
1.791791791791791866e+01 2.031285842740049120e+05
1.793793793793793867e+01 2.033799602758691180e+05
1.795795795795795868e+01 2.036313555864486261e+05
1.797797797797797870e+01 2.038827701750859851e+05
1.799799799799799871e+01 2.041342040112047689e+05
1.801801801801801872e+01 2.043874724182947539e+05
1.803803803803803874e+01 2.046389437070812564e+05
1.805805805805805875e+01 2.048904341535948333e+05
1.807807807807807876e+01 2.051419437275767268e+05
1.809809809809809877e+01 2.053934723988481273e+05
1.811811811811811879e+01 2.056450201373093005e+05
1.813813813813813880e+01 2.058965869129397324e+05
1.815815815815815881e+01 2.061481726957977517e+05
1.817817817817817883e+01 2.063997774560201797e+05
1.819819819819819884e+01 2.066514011638218071e+05
1.821821821821821885e+01 2.069030437894956849e+05
1.823823823823823886e+01 2.071547053034123674e+05
1.825825825825825888e+01 2.074063856760197668e+05
1.827827827827827889e+01 2.076580848778428335e+05
1.829829829829829890e+01 2.079098028794833808e+05
1.831831831831831892e+01 2.081615396516196197e+05
1.833833833833833893e+01 2.084132951650062168e+05
1.835835835835835894e+01 2.086650693904734508e+05
1.837837837837837895e+01 2.089168622989276482e+05
1.839839839839839897e+01 2.091686738613502530e+05
1.841841841841841898e+01 2.094205040487980586e+05
1.843843843843843899e+01 2.096723528324025392e+05
1.845845845845845901e+01 2.099242201833698782e+05
1.847847847847847902e+01 2.101761060729804740e+05
1.849849849849849903e+01 2.104280104725889105e+05
1.851851851851851904e+01 2.106799333536233753e+05
1.853853853853853906e+01 2.109318746875856887e+05
1.855855855855855907e+01 2.111838344460509543e+05
1.857857857857857908e+01 2.114358126006672101e+05
1.859859859859859910e+01 2.116878091231551371e+05
1.861861861861861911e+01 2.119398239853079722e+05
1.863863863863863912e+01 2.121918571589911589e+05
1.865865865865865914e+01 2.124439086161420855e+05
1.867867867867867915e+01 2.126959783287696773e+05
1.869869869869869916e+01 2.129480662689546007e+05
1.871871871871871917e+01 2.132001724088483898e+05
1.873873873873873919e+01 2.134522967206736212e+05
1.875875875875875920e+01 2.137044391767235647e+05
1.877877877877877921e+01 2.139565997493618925e+05
1.879879879879879923e+01 2.142087784110223292e+05
1.881881881881881924e+01 2.144609751342087693e+05
1.883883883883883925e+01 2.147131898914944613e+05
1.885885885885885926e+01 2.149654226555223286e+05
1.887887887887887928e+01 2.152176733990042703e+05
1.889889889889889929e+01 2.154699420947213657e+05
1.891891891891891930e+01 2.157222287155230006e+05
1.893893893893893932e+01 2.159745332343273622e+05
1.895895895895895933e+01 2.162268556241207407e+05
1.897897897897897934e+01 2.164791958579572383e+05
1.899899899899899935e+01 2.167315539089587983e+05
1.901901901901901937e+01 2.169856991824802535e+05
1.903903903903903938e+01 2.172380919067992363e+05
1.905905905905905939e+01 2.174905023693652183e+05
1.907907907907907941e+01 2.177429305435652495e+05
1.909909909909909942e+01 2.179953764028531441e+05
1.911911911911911943e+01 2.182478399207489856e+05
1.913913913913913944e+01 2.185003210708388942e+05
1.915915915915915946e+01 2.187528198267747939e+05
1.917917917917917947e+01 2.190053361622744123e+05
1.919919919919919948e+01 2.192578700511206698e+05
1.921921921921921950e+01 2.195104214671618829e+05
1.923923923923923951e+01 2.197629903843109787e+05
1.925925925925925952e+01 2.200155767765459314e+05
1.927927927927927954e+01 2.202681806179090054e+05
1.929929929929929955e+01 2.205208018825068139e+05
1.931931931931931956e+01 2.207734405445099983e+05
1.933933933933933957e+01 2.210260965781529667e+05
1.935935935935935959e+01 2.212787699577338644e+05
1.937937937937937960e+01 2.215314606576141086e+05
1.939939939939939961e+01 2.217841686522182135e+05
1.941941941941941963e+01 2.220368939160337613e+05
1.943943943943943964e+01 2.222896364236110821e+05
1.945945945945945965e+01 2.225423961495629046e+05
1.947947947947947966e+01 2.227951730685643270e+05
1.949949949949949968e+01 2.230479671553524677e+05
1.951951951951951969e+01 2.233007783847264072e+05
1.953953953953953970e+01 2.235536067315468099e+05
1.955955955955955972e+01 2.238064521707358363e+05
1.957957957957957973e+01 2.240593146772767941e+05
1.959959959959959974e+01 2.243121942262140801e+05
1.961961961961961975e+01 2.245650907926529762e+05
1.963963963963963977e+01 2.248180043517591839e+05
1.965965965965965978e+01 2.250709348787590279e+05
1.967967967967967979e+01 2.253238823489388742e+05
1.969969969969969981e+01 2.255768467376452172e+05
1.971971971971971982e+01 2.258298280202841270e+05
1.973973973973973983e+01 2.260828261723214237e+05
1.975975975975975985e+01 2.263358411692822992e+05
1.977977977977977986e+01 2.265888729867511429e+05
1.979979979979979987e+01 2.268419216003712500e+05
1.981981981981981988e+01 2.270949869858447346e+05
1.983983983983983990e+01 2.273480691189322388e+05
1.985985985985985991e+01 2.276011679754529323e+05
1.987987987987987992e+01 2.278542835312840471e+05
1.989989989989989994e+01 2.281074157623608771e+05
1.991991991991991995e+01 2.283605646446764003e+05
1.993993993993993996e+01 2.286137301542813948e+05
1.995995995995995997e+01 2.288669122672838275e+05
1.997997997997997999e+01 2.291201109598490293e+05
2.000000000000000000e+01 2.293733262081993744e+05
